-dagger-	2	8.0	10.5	16.0	21.0	1.5	3	2	2	7
110110120006parth	2	0.0	7.0	0.0	14.0	1.0	2	2	1	7
1234xa	1	0.0	7.0	0.0	7.0	1.0	1	1	1	7
143saf	1	7.0	7.0	7.0	7.0	1.0	1	1	1	7
2402harshyadav	3	7.0	7.0	21.0	21.0	1.0	3	3	1	7
2bgreen	1	6.0	7.0	6.0	7.0	2.0	2	2	2	7
2bigdogs	3	2.6666666666666665	7.0	8.0	21.0	1.0	3	3	1	7
2ismyfavoriteprime	1	6.0	7.0	6.0	7.0	1.0	1	1	1	7
2keis	1	5.0	7.0	5.0	7.0	1.0	1	1	1	7
518	6	0.5	1.0	3.0	6.0	1.0	6	6	1	1
7wik	1	7.0	12.0	7.0	12.0	2.0	2	1	2	6
8n1	3	4.333333333333333	7.0	13.0	21.0	1.0	3	3	1	7
AJAYPOSHAK	1	3.0	7.0	3.0	7.0	1.0	1	1	1	7
AKSachdeva	1	11.0	12.0	11.0	12.0	2.0	2	1	2	6
AKV55	1	2.0	7.0	2.0	7.0	1.0	1	1	1	7
AKitanovski	5	3.2	9.4	16.0	47.0	1.4	7	5	2	7
ALASgc	1	14.0	14.0	14.0	14.0	2.0	2	1	2	7
AM83	3	3.6666666666666665	7.0	11.0	21.0	1.0	3	3	1	7
AMMIREDDY	3	5.333333333333333	7.0	16.0	21.0	1.0	3	3	1	7
AMSS	1	6.0	7.0	6.0	7.0	1.0	1	1	1	7
ANUStudent2014	1	3.0	7.0	3.0	7.0	1.0	1	1	1	7
ARYYAMAJANA	2	9.0	10.5	18.0	21.0	1.5	3	2	2	7
ASCronos	1	5.0	7.0	5.0	7.0	1.0	1	1	1	7
ASHUCOER	3	7.0	9.333333333333334	21.0	28.0	1.3333333333333333	4	3	2	7
ATmega8	1	7.0	7.0	7.0	7.0	1.0	1	1	1	7
AVARSHAA	1	0.0	7.0	0.0	7.0	1.0	1	1	1	7
AVINASHPANDEY	31	1.3870967741935485	1.3870967741935485	43.0	43.0	1.064516129032258	33	31	2	6
Aaronrathod	33	0.36363636363636365	1.5757575757575757	12.0	52.0	1.0303030303030303	34	33	2	7
Aashiti	1	6.0	7.0	6.0	7.0	1.0	1	1	1	7
Abelo	2	1.0	4.5	2.0	9.0	1.5	3	2	2	7
Abhi004	1	2.0	7.0	2.0	7.0	1.0	1	1	1	7
Abhi00876	1	6.0	7.0	6.0	7.0	1.0	1	1	1	7
Abhibolt	23	0.30434782608695654	1.3043478260869565	7.0	30.0	1.0434782608695652	24	23	2	7
Abhishek3	1	10.0	12.0	10.0	12.0	2.0	2	1	2	6
Abhishekkumar1411	1	6.0	7.0	6.0	7.0	1.0	1	1	1	7
Abhisheksoni	1	11.0	12.0	11.0	12.0	2.0	2	1	2	6
AboGhalib	1	0.0	1.0	0.0	1.0	1.0	1	1	1	1
AceSpencer123	1	3.0	6.0	3.0	6.0	1.0	1	1	1	6
AdrianaNascimento	1	3.0	7.0	3.0	7.0	1.0	1	1	1	7
AdunSam	1	3.0	7.0	3.0	7.0	1.0	1	1	1	7
AeshaThakkar	2	4.5	10.5	9.0	21.0	1.5	3	2	2	7
AgusCoronas	1	10.0	12.0	10.0	12.0	2.0	2	1	2	6
AjitCB	2	5.5	7.0	11.0	14.0	1.0	2	2	1	7
Akruj14	31	0.8709677419354839	1.2580645161290323	27.0	39.0	1.0	31	31	1	7
Al-Hassany	1	8.0	12.0	8.0	12.0	2.0	2	1	2	6
AleksandarKitanovski	1	7.0	7.0	7.0	7.0	1.0	1	1	1	7
AlexBoryskin	2	4.5	10.5	9.0	21.0	1.5	3	2	2	7
Alex_lv	3	4.666666666666667	7.0	14.0	21.0	1.0	3	3	1	7
Alexander_Sakharov	2	6.0	6.5	12.0	13.0	1.0	2	2	1	7
Alokpandey	1	3.0	7.0	3.0	7.0	1.0	1	1	1	7
Alomelle	2	3.0	7.0	6.0	14.0	1.0	2	2	1	7
AlphaMad	1	11.0	12.0	11.0	12.0	2.0	2	1	2	6
AlyGomaa	1	4.0	7.0	4.0	7.0	1.0	1	1	1	7
Amit98075	2	9.0	10.5	18.0	21.0	1.5	3	2	2	7
AmitTijus	31	0.9032258064516129	1.2258064516129032	28.0	38.0	1.032258064516129	32	31	2	7
AmolBorgaonkar	2	9.0	10.0	18.0	20.0	2.0	4	3	2	7
Ana05	3	4.0	6.666666666666667	12.0	20.0	1.3333333333333333	4	4	2	7
AnaFranciscaMenezes	1	7.0	7.0	7.0	7.0	1.0	1	1	1	7
Ana_Holohan	1	2.0	7.0	2.0	7.0	1.0	1	1	1	7
AnantDiwakar	1	5.0	7.0	5.0	7.0	1.0	1	1	1	7
Anastasia2	3	3.6666666666666665	7.0	11.0	21.0	1.0	3	3	1	7
Andjey	4	5.75	8.75	23.0	35.0	1.25	5	4	2	7
AndreasRD	2	4.5	10.5	9.0	21.0	1.5	3	2	2	7
AndreiaFileno	1	2.0	7.0	2.0	7.0	1.0	1	1	1	7
Andrescas	1	8.0	14.0	8.0	14.0	2.0	2	1	2	7
AndrisCLV	1	1.0	7.0	1.0	7.0	1.0	1	1	1	7
Andy63	1	2.0	7.0	2.0	7.0	1.0	1	1	1	7
AngadpreetSingh	1	7.0	7.0	7.0	7.0	1.0	1	1	1	7
Angayarkanni	3	1.6666666666666667	5.0	5.0	15.0	1.0	3	3	1	7
Angelina_Seay	2	2.0	7.0	4.0	14.0	1.0	2	2	1	7
Anjanakothari	1	0.0	7.0	0.0	7.0	1.0	1	1	1	7
AnkitaRDere	2	5.0	7.0	10.0	14.0	1.0	2	2	1	7
Anmolss	4	6.75	8.75	27.0	35.0	1.25	5	4	2	7
Antonio006	14	1.4285714285714286	1.4285714285714286	20.0	20.0	1.0	14	14	1	7
AntonioLima	7	1.5714285714285714	2.0	11.0	14.0	1.1428571428571428	8	7	2	7
AnubhavRana	2	0.5	1.0	1.0	2.0	1.0	2	2	1	1
AnupamaKesari	3	4.333333333333333	7.0	13.0	21.0	1.0	3	3	1	7
Anuradha_Goel	31	1.1612903225806452	1.1935483870967742	36.0	37.0	1.0	31	31	1	7
AparnaR	1	10.0	12.0	10.0	12.0	2.0	2	1	2	6
Apoorva3023	1	4.0	7.0	4.0	7.0	1.0	1	1	1	7
Arizart	2	3.0	4.5	6.0	9.0	1.5	3	2	2	7
ArjChat	1	7.0	7.0	7.0	7.0	1.0	1	1	1	7
ArnoldR	2	2.0	7.0	4.0	14.0	1.0	2	2	1	7
ArpitSrv	4	3.75	7.0	15.0	28.0	1.0	4	4	1	7
Arpit_s	1	19.0	21.0	19.0	21.0	2.0	2	1	2	7
Arsenal26	1	10.0	12.0	10.0	12.0	2.0	2	1	2	6
ArtemProc	1	9.0	14.0	9.0	14.0	2.0	2	1	2	7
ArunBV	1	3.0	7.0	3.0	7.0	1.0	1	1	1	7
Arzab	30	1.0666666666666667	1.0666666666666667	32.0	32.0	1.0666666666666667	32	30	2	1
Ashbti	3	4.666666666666667	7.0	14.0	21.0	1.0	3	3	1	7
Aswinv	2	6.5	7.0	13.0	14.0	1.0	2	2	1	7
AutodidactAddict	16	1.25	1.9375	20.0	31.0	1.1875	19	16	2	7
Avinash_Jayaraman	2	4.5	7.0	9.0	14.0	1.0	2	2	1	7
Awesome911	1	6.0	12.0	6.0	12.0	2.0	2	1	2	6
AwesomeRahul	2	2.5	4.0	5.0	8.0	1.0	2	2	1	7
Ayob	1	4.0	12.0	4.0	12.0	2.0	2	1	2	6
Ayush2195	4	3.0	7.0	12.0	28.0	1.0	4	4	1	7
BHU009	1	4.0	7.0	4.0	7.0	1.0	1	1	1	7
BISWABANDITA	1	7.0	7.0	7.0	7.0	1.0	1	1	1	7
BLACK-FLAME	1	13.0	14.0	13.0	14.0	2.0	2	1	2	7
BLACK_SMITH	30	0.5	1.0	15.0	30.0	1.0	30	30	1	1
BONTHA_VAMSEE	3	4.0	7.0	12.0	21.0	1.0	3	3	1	7
BRAHMANANDA	1	9.0	12.0	9.0	12.0	2.0	2	1	2	6
BabisGeorgakainas	2	3.5	7.0	7.0	14.0	1.0	2	2	1	7
Balasaravanan94	31	1.2580645161290323	1.2580645161290323	39.0	39.0	1.064516129032258	33	31	2	7
BarackHussein	2	6.5	7.0	13.0	14.0	1.0	2	2	1	7
Barima	3	3.0	5.0	9.0	15.0	1.0	3	3	1	7
BartoszBialecki	1	5.0	7.0	5.0	7.0	1.0	1	1	1	7
BasantAggarwal	2	3.0	7.0	6.0	14.0	1.0	2	2	1	7
BatOutOfHell	3	4.333333333333333	7.0	13.0	21.0	1.0	3	3	1	7
Bellabee	1	6.0	7.0	6.0	7.0	1.0	1	1	1	7
Bestii	2	4.0	7.0	8.0	14.0	1.0	2	2	1	7
BettsyB	3	3.0	7.0	9.0	21.0	1.0	3	3	1	7
Bharadcastle	21	0.8571428571428571	1.0	18.0	21.0	1.0	21	21	1	1
Bharadvaj2854	1	7.0	7.0	7.0	7.0	1.0	1	1	1	7
BharathDevaraj	1	10.0	12.0	10.0	12.0	2.0	2	1	2	6
Bhargav8	1	0.0	7.0	0.0	7.0	1.0	1	1	1	7
Bhushan_Chavan	2	3.5	7.0	7.0	14.0	1.0	2	2	1	7
Binarybot	31	1.1290322580645162	1.3870967741935485	35.0	43.0	1.064516129032258	33	31	2	6
Biswajeeban	1	7.0	7.0	7.0	7.0	1.0	1	1	1	7
Bludgeoner	1	7.0	7.0	7.0	7.0	1.0	1	1	1	7
Bogoss	3	6.666666666666667	7.0	20.0	21.0	1.0	3	3	1	7
Brandon_Easton	1	6.0	12.0	6.0	12.0	2.0	2	1	2	6
Brent100	1	3.0	7.0	3.0	7.0	1.0	1	1	1	7
Brianmagicr	1	3.0	7.0	3.0	7.0	1.0	1	1	1	7
Brighthamza	2	4.0	7.0	8.0	14.0	1.0	2	2	1	7
BruceEpper	2	8.0	10.5	16.0	21.0	1.5	3	2	2	7
BrunoAboud	1	7.0	7.0	7.0	7.0	1.0	1	1	1	7
Brunohkbx	1	1.0	7.0	1.0	7.0	1.0	1	1	1	7
CAL2002	9	1.2222222222222223	1.5555555555555556	11.0	14.0	1.0	9	9	1	6
CalebJosue	20	1.2	1.9	24.0	38.0	1.0	20	20	1	7
CalinIonut	2	6.0	7.0	12.0	14.0	1.0	2	2	1	7
CameronDodd	2	9.0	10.5	18.0	21.0	1.5	3	2	2	7
CamilaGuacheta	3	4.0	5.333333333333333	12.0	16.0	1.3333333333333333	4	3	2	7
Capatillo	33	1.4848484848484849	1.5454545454545454	49.0	51.0	1.0	33	33	1	7
Caprylic6	1	3.0	14.0	3.0	14.0	2.0	2	1	2	7
CarlosGuzmanUllan	30	0.7333333333333333	1.0333333333333334	22.0	31.0	1.0333333333333334	31	30	2	1
Carlos_Harris	4	4.0	8.75	16.0	35.0	1.25	5	4	2	7
Carlosbarr	1	2.0	7.0	2.0	7.0	1.0	1	1	1	7
CarmeBel	1	3.0	7.0	3.0	7.0	1.0	1	1	1	7
Castillopax	1	4.0	7.0	4.0	7.0	1.0	1	1	1	7
ChampUmang	32	1.0	1.375	32.0	44.0	1.0	32	32	1	7
ChandraPradeep	4	1.75	5.75	7.0	23.0	1.25	5	4	2	7
ChandraSekaranBalu	1	13.0	14.0	13.0	14.0	2.0	2	1	2	7
Cheops	30	0.8333333333333334	1.2666666666666666	25.0	38.0	1.0666666666666667	32	30	2	7
CherlZ	1	7.0	7.0	7.0	7.0	1.0	1	1	1	7
CherryKearton	2	5.0	7.0	10.0	14.0	1.0	2	2	1	7
Chirag_wath	1	0.0	1.0	0.0	1.0	1.0	1	1	1	1
ChrisGosselin	3	5.333333333333333	7.0	16.0	21.0	1.0	3	3	1	7
ChrisUSA	1	4.0	7.0	4.0	7.0	1.0	1	1	1	7
Chrisheck	26	1.3461538461538463	1.6538461538461537	35.0	43.0	1.0384615384615385	27	26	2	7
ChristianHerreraM	11	1.2727272727272727	1.5454545454545454	14.0	17.0	1.0	11	11	1	7
Churringo	3	4.333333333333333	7.0	13.0	21.0	1.0	3	3	1	7
CjWakelin	17	1.4705882352941178	2.5294117647058822	25.0	43.0	1.1176470588235294	19	17	2	7
CliffMcCreery	1	5.0	7.0	5.0	7.0	1.0	1	1	1	7
ClintonSites	1	2.0	7.0	2.0	7.0	1.0	1	1	1	7
CsmcRvrs	1	3.0	7.0	3.0	7.0	1.0	1	1	1	7
Curious_Vrp	5	1.0	1.2	5.0	6.0	1.2	6	5	2	1
CzarChasm	1	4.0	7.0	4.0	7.0	1.0	1	1	1	7
DGUERRERO33	4	5.0	8.25	20.0	33.0	1.25	5	4	2	7
DGomez-Sanchez	4	7.5	8.25	30.0	33.0	1.25	5	4	2	7
DWARAM	1	7.0	7.0	7.0	7.0	1.0	1	1	1	7
DanielKosse	2	9.0	10.5	18.0	21.0	1.5	3	2	2	7
DanielNovacik	2	5.5	9.5	11.0	19.0	1.5	3	2	2	7
DanielRR	30	1.9	2.2666666666666666	57.0	68.0	1.1333333333333333	34	30	2	7
Daniil_Murashkin	1	8.0	12.0	8.0	12.0	2.0	2	1	2	6
Dankitan	2	4.5	7.0	9.0	14.0	1.0	2	2	1	7
DarekGrzywacz	2	9.5	10.5	19.0	21.0	1.0	2	2	1	7
DarioVictory	1	1.0	7.0	1.0	7.0	1.0	1	1	1	7
DastanShapiyev	1	3.0	12.0	3.0	12.0	2.0	2	1	2	6
DaveGuyer	33	1.2424242424242424	1.5454545454545454	41.0	51.0	1.0	33	33	1	7
DavidGrs	31	1.2258064516129032	1.5806451612903225	38.0	49.0	1.0	31	31	1	7
Davidlc	1	9.0	12.0	9.0	12.0	2.0	2	1	2	6
Deamon_Rex	1	8.0	12.0	8.0	12.0	2.0	2	1	2	6
DeclanOHara	1	2.0	7.0	2.0	7.0	1.0	1	1	1	7
Deep	3	6.333333333333333	7.0	19.0	21.0	1.0	3	3	1	7
Deepak1994	1	4.0	7.0	4.0	7.0	1.0	1	1	1	7
DeepikaH	2	4.5	9.5	9.0	19.0	1.5	3	2	2	7
DefaDylan	2	3.0	4.0	6.0	8.0	1.5	3	3	2	7
DeffoCarlos	1	5.0	7.0	5.0	7.0	1.0	1	1	1	7
Defiant	2	3.5	9.5	7.0	19.0	1.5	3	2	2	7
Dejancic	1	0.0	7.0	0.0	7.0	1.0	1	1	1	7
Desiring2learn	29	1.4137931034482758	2.0689655172413794	41.0	60.0	1.0344827586206897	30	29	2	7
Dharmendra_Kumar	3	0.6666666666666666	3.3333333333333335	2.0	10.0	1.3333333333333333	4	3	2	7
Dhawal27	3	9.333333333333334	9.333333333333334	28.0	28.0	1.3333333333333333	4	3	2	7
Dhiren123	1	11.0	12.0	11.0	12.0	2.0	2	1	2	6
DhwaniK	33	0.5151515151515151	1.393939393939394	17.0	46.0	1.0303030303030303	34	33	2	7
Digraj	7	1.1428571428571428	2.0	8.0	14.0	1.1428571428571428	8	7	2	7
DirkVanhoof	1	2.0	7.0	2.0	7.0	1.0	1	1	1	7
DivyeshVekariya	1	13.0	14.0	13.0	14.0	2.0	2	1	2	7
Djakaridja	2	3.0	7.0	6.0	14.0	1.0	2	2	1	7
Dobbiel	1	5.0	12.0	5.0	12.0	2.0	2	1	2	6
DomSykes	15	2.2666666666666666	3.466666666666667	34.0	52.0	1.1333333333333333	17	15	2	7
Doogie12	1	8.0	12.0	8.0	12.0	2.0	2	1	2	6
Doregan	1	2.0	7.0	2.0	7.0	1.0	1	1	1	7
Dorrin	2	5.5	7.0	11.0	14.0	1.0	2	2	1	7
DrewZ	1	0.0	6.0	0.0	6.0	1.0	1	1	1	6
Ducfromvietnam	1	0.0	6.0	0.0	6.0	1.0	1	1	1	6
DurgeshChaurasia	1	4.0	7.0	4.0	7.0	1.0	1	1	1	7
Ed314	1	5.0	7.0	5.0	7.0	1.0	1	1	1	7
Eddie75	2	7.0	9.5	14.0	19.0	1.5	3	2	2	7
EdisonSo	24	1.4583333333333333	1.7916666666666667	35.0	43.0	1.0416666666666667	25	24	2	7
Eduleo	3	4.666666666666667	7.0	14.0	21.0	1.0	3	3	1	7
EdwardAnkomah	1	1.0	7.0	1.0	7.0	1.0	1	1	1	7
EliezerBen	1	10.0	14.0	10.0	14.0	2.0	2	1	2	7
ElrickBerik	20	0.8	1.65	16.0	33.0	1.05	21	20	2	7
Eltaib	25	0.72	1.48	18.0	37.0	1.0	25	25	1	7
Engrjj55	2	0.0	7.0	0.0	14.0	1.0	2	2	1	7
EricYoung	1	4.0	12.0	4.0	12.0	2.0	2	1	2	6
Euphrates	1	7.0	12.0	7.0	12.0	2.0	2	1	2	6
EvelioSJ	2	3.5	7.0	7.0	14.0	1.0	2	2	1	7
FHorace	1	3.0	12.0	3.0	12.0	2.0	2	1	2	6
FMGomes	17	1.5294117647058822	1.7647058823529411	26.0	30.0	1.0588235294117647	18	17	2	7
F_Argay	1	4.0	7.0	4.0	7.0	1.0	1	1	1	7
Fabricio2014	1	6.0	12.0	6.0	12.0	2.0	2	1	2	6
Fadili	1	0.0	7.0	0.0	7.0	1.0	1	1	1	7
FaizThe94	31	1.1290322580645162	1.1935483870967742	35.0	37.0	1.0	31	31	1	7
Farbre	1	2.0	7.0	2.0	7.0	1.0	1	1	1	7
FastianKcite	1	1.0	7.0	1.0	7.0	1.0	1	1	1	7
Ferryt	4	6.0	8.75	24.0	35.0	1.25	5	4	2	7
FlexyMan	1	7.0	7.0	7.0	7.0	1.0	1	1	1	7
FranCeri	1	2.0	7.0	2.0	7.0	1.0	1	1	1	7
Franissen	1	11.0	14.0	11.0	14.0	2.0	2	1	2	7
FredWatson	1	7.0	12.0	7.0	12.0	2.0	2	1	2	6
Frencell	1	5.0	7.0	5.0	7.0	1.0	1	1	1	7
Friedrick	1	6.0	12.0	6.0	12.0	2.0	2	1	2	6
Froilan_Regueiro	1	4.0	7.0	4.0	7.0	1.0	1	1	1	7
FromTashkent	3	2.0	5.333333333333333	6.0	16.0	1.3333333333333333	4	3	2	7
GANESHARAM	1	8.0	12.0	8.0	12.0	2.0	2	1	2	6
GAsasder	1	0.0	7.0	0.0	7.0	1.0	1	1	1	7
GIORGIOA	1	7.0	7.0	7.0	7.0	1.0	1	1	1	7
GKourtellas	4	2.75	8.25	11.0	33.0	1.25	5	4	2	7
G_ojo	1	5.0	7.0	5.0	7.0	1.0	1	1	1	7
Gage2020	1	5.0	7.0	5.0	7.0	1.0	1	1	1	7
GauravT07	30	0.9333333333333333	1.0333333333333334	28.0	31.0	1.0333333333333334	31	30	2	1
Gaurav_g	1	8.0	12.0	8.0	12.0	2.0	2	1	2	6
Geosphere	3	5.666666666666667	9.333333333333334	17.0	28.0	1.0	3	3	1	7
Gera_vvg	3	4.666666666666667	7.0	14.0	21.0	1.6666666666666667	5	3	2	7
GiacomoDemarie	13	1.7692307692307692	2.0	23.0	26.0	1.0769230769230769	14	13	2	7
GianniSalonika	1	13.0	14.0	13.0	14.0	2.0	2	1	2	7
GnanendraReddy	1	1.0	7.0	1.0	7.0	1.0	1	1	1	7
Godzil	2	5.5	7.0	11.0	14.0	1.0	2	2	1	7
Golu111	1	4.0	7.0	4.0	7.0	1.0	1	1	1	7
GouravKalbalia	1	4.0	7.0	4.0	7.0	1.0	1	1	1	7
Grace20010615	1	1.0	7.0	1.0	7.0	1.0	1	1	1	7
GreatAmbersand	4	5.25	8.25	21.0	33.0	1.25	5	4	2	7
Grigoriy88	1	6.0	7.0	6.0	7.0	1.0	1	1	1	7
Gtcho	35	1.1428571428571428	1.8571428571428572	40.0	65.0	1.0	35	35	1	7
Guofan	1	7.0	7.0	7.0	7.0	1.0	1	1	1	7
HARSHIT03	1	7.0	7.0	7.0	7.0	1.0	1	1	1	7
Hades93	1	6.0	12.0	6.0	12.0	2.0	2	1	2	6
HananMustafa	6	1.0	1.0	6.0	6.0	1.0	6	6	1	1
Hani12	27	0.5555555555555556	1.7407407407407407	15.0	47.0	1.0740740740740742	29	27	2	7
Harloks	1	11.0	12.0	11.0	12.0	2.0	2	1	2	6
Harout	4	4.75	8.25	19.0	33.0	1.25	5	4	2	7
Harshventure	4	7.75	8.75	31.0	35.0	1.25	5	4	2	7
HazelDawn	32	0.4375	1.65625	14.0	53.0	1.09375	35	32	2	7
HectorDubonPerez	1	9.0	12.0	9.0	12.0	2.0	2	1	2	6
HectorFajardoAmador	1	2.0	7.0	2.0	7.0	1.0	1	1	1	7
Helenepl	1	2.0	7.0	2.0	7.0	1.0	1	1	1	7
Helkar	1	1.0	1.0	1.0	1.0	1.0	1	1	1	1
HemaOhal	17	1.5294117647058822	2.1176470588235294	26.0	36.0	1.0588235294117647	18	17	2	7
Hemanthrao7	1	7.0	7.0	7.0	7.0	1.0	1	1	1	7
Hemanthrao96	2	1.0	7.0	2.0	14.0	1.0	2	2	1	7
HimanshuChaudhary	4	2.5	5.75	10.0	23.0	1.25	5	4	2	7
Himanshu_Gupta1233	2	7.0	7.0	14.0	14.0	1.0	2	2	1	7
Himanshu_gupta	2	1.5	7.0	3.0	14.0	1.0	2	2	1	7
Hollo	14	1.6428571428571428	1.9285714285714286	23.0	27.0	1.0714285714285714	15	14	2	7
IAMPRIYAM	3	5.333333333333333	7.0	16.0	21.0	1.0	3	3	1	7
IainG87	1	0.0	7.0	0.0	7.0	1.0	1	1	1	7
IamEye	1	7.0	7.0	7.0	7.0	1.0	1	1	1	7
IbHelmerNielsen	1	6.0	7.0	6.0	7.0	1.0	1	1	1	7
Iceblood8	1	5.0	7.0	5.0	7.0	1.0	1	1	1	7
Ikshit21	3	5.333333333333333	7.0	16.0	21.0	1.0	3	3	1	7
ImRitesh	2	5.0	7.0	10.0	14.0	1.0	2	2	1	7
IncGadget	1	7.0	12.0	7.0	12.0	2.0	2	1	2	6
Indhuja	1	8.0	12.0	8.0	12.0	2.0	2	1	2	6
Indrojit	35	1.7428571428571429	2.085714285714286	61.0	73.0	1.0571428571428572	37	35	2	7
IreneVF	1	9.0	14.0	9.0	14.0	2.0	2	1	2	7
Irfan14	1	2.0	2.0	2.0	2.0	2.0	2	1	2	1
IrfanAli201	1	1.0	7.0	1.0	7.0	1.0	1	1	1	7
Ishmita	13	1.0	1.0769230769230769	13.0	14.0	1.0769230769230769	14	13	2	1
IsiRom	23	1.0	1.2608695652173914	23.0	29.0	1.0	23	23	1	7
Itajez	3	5.666666666666667	9.333333333333334	17.0	28.0	1.3333333333333333	4	3	2	7
JAlves62	33	1.2121212121212122	1.7272727272727273	40.0	57.0	1.0606060606060606	35	33	2	7
JD_MCA	1	6.0	6.0	6.0	6.0	1.0	1	1	1	6
JKHPL	6	8.333333333333334	9.0	50.0	54.0	1.3333333333333333	8	6	2	7
JLMarcos	4	0.0	1.0	0.0	4.0	1.0	4	4	1	1
JVKhan	31	0.1935483870967742	1.2580645161290323	6.0	39.0	1.064516129032258	33	31	2	7
JackIngram76	3	3.0	7.0	9.0	21.0	1.0	3	3	1	7
Jackabc	31	0.0	1.2258064516129032	0.0	38.0	1.032258064516129	32	31	2	7
Janedoe007	33	0.36363636363636365	1.606060606060606	12.0	53.0	1.0606060606060606	35	33	2	7
Jasonw25	4	2.25	7.0	9.0	28.0	1.0	4	4	1	7
JayZhou113	4	3.0	7.0	12.0	28.0	1.0	4	4	1	7
Jayanth95	3	5.666666666666667	6.666666666666667	17.0	20.0	1.0	3	3	1	7
Jeanette2014	4	1.5	7.0	6.0	28.0	1.0	4	4	1	7
JeffTrowbridge	1	3.0	12.0	3.0	12.0	2.0	2	1	2	6
Jehad-KH	1	4.0	7.0	4.0	7.0	1.0	1	1	1	7
Jek_Nov	1	11.0	12.0	11.0	12.0	2.0	2	1	2	6
JelenaLon	1	10.0	12.0	10.0	12.0	2.0	2	1	2	6
JhovSerrano	1	1.0	7.0	1.0	7.0	1.0	1	1	1	7
JimEli	1	4.0	7.0	4.0	7.0	1.0	1	1	1	7
JiteshDange	1	7.0	7.0	7.0	7.0	1.0	1	1	1	7
Jla75	31	1.032258064516129	1.4516129032258065	32.0	45.0	1.064516129032258	33	31	2	7
JoeCutelav	1	14.0	14.0	14.0	14.0	2.0	2	1	2	7
JoelNg	1	10.0	12.0	10.0	12.0	2.0	2	1	2	6
Johir	1	7.0	7.0	7.0	7.0	1.0	1	1	1	7
John100	5	5.0	8.4	25.0	42.0	1.2	6	5	2	7
JohnPT	1	11.0	14.0	11.0	14.0	2.0	2	1	2	7
JonNieve43	4	5.5	6.75	22.0	27.0	1.0	4	4	1	7
Jonathan2014xxx	1	1.0	6.0	1.0	6.0	1.0	1	1	1	6
JonathanFarris	1	4.0	12.0	4.0	12.0	2.0	2	1	2	6
Jose791	10	1.0	1.0	10.0	10.0	1.0	10	10	1	1
JosephHudsonJr	2	2.0	7.0	4.0	14.0	1.0	2	2	1	7
JotiP	1	7.0	7.0	7.0	7.0	1.0	1	1	1	7
JozefKrivak	9	3.6666666666666665	6.444444444444445	33.0	58.0	1.3333333333333333	12	9	2	7
Jsoria87	17	0.9411764705882353	1.7058823529411764	16.0	29.0	1.0	17	17	1	7
JujharSingh0603	1	12.0	14.0	12.0	14.0	2.0	2	1	2	7
JuliaJune	1	4.0	7.0	4.0	7.0	1.0	1	1	1	7
JuliaOrchard	1	6.0	7.0	6.0	7.0	1.0	1	1	1	7
Julian01	2	6.5	9.5	13.0	19.0	1.5	3	2	2	7
Julien_D	1	6.0	7.0	6.0	7.0	1.0	1	1	1	7
Justagirl	2	5.5	7.0	11.0	14.0	1.0	2	2	1	7
JustinasPutis	1	3.0	12.0	3.0	12.0	2.0	2	1	2	6
JyothiSara	1	5.0	7.0	5.0	7.0	1.0	1	1	1	7
KATRAGADDASAIBHARGAV	3	4.666666666666667	7.0	14.0	21.0	1.0	3	3	1	7
KEANUSTEPHENSON	1	0.0	6.0	0.0	6.0	1.0	1	1	1	6
KFeyNY	1	6.0	12.0	6.0	12.0	2.0	2	1	2	6
KKKris	1	4.0	7.0	4.0	7.0	1.0	1	1	1	7
KP_SHARMA	3	3.6666666666666665	7.0	11.0	21.0	1.0	3	3	1	7
K_Hussein	1	11.0	14.0	11.0	14.0	2.0	2	1	2	7
Kadam111	1	4.0	7.0	4.0	7.0	1.0	1	1	1	7
Kamil47	31	0.3870967741935484	1.4516129032258065	12.0	45.0	1.064516129032258	33	31	2	7
KamilaCwik	30	0.6666666666666666	1.0	20.0	30.0	1.0	30	30	1	1
Karthikeya_Pisipati	24	0.7916666666666666	1.2916666666666667	19.0	31.0	1.0416666666666667	25	24	2	7
Kashtira	1	6.0	7.0	6.0	7.0	1.0	1	1	1	7
Kawserjan	1	2.0	7.0	2.0	7.0	1.0	1	1	1	7
Kaythomp	3	2.6666666666666665	7.0	8.0	21.0	1.0	3	3	1	7
Kenetics	14	1.4285714285714286	1.8571428571428572	20.0	26.0	1.0	14	14	1	7
KennethWC	2	1.5	7.0	3.0	14.0	1.0	2	2	1	7
KevinTR	1	7.0	7.0	7.0	7.0	1.0	1	1	1	7
KhizraNaseem	1	7.0	7.0	7.0	7.0	1.0	1	1	1	7
Khurram_Shahzad	31	1.2258064516129032	1.2580645161290323	38.0	39.0	1.064516129032258	33	31	2	7
Kirigano	4	0.25	1.0	1.0	4.0	1.0	4	4	1	1
KlausKlar	5	4.0	7.0	20.0	35.0	1.0	5	5	1	7
Kloxx	2	8.5	9.5	17.0	19.0	1.5	3	2	2	7
KofiAkorli	3	1.6666666666666667	7.0	5.0	21.0	1.0	3	3	1	7
KonstantinR	31	1.1612903225806452	1.1935483870967742	36.0	37.0	1.0	31	31	1	7
KostasT	1	6.0	12.0	6.0	12.0	2.0	2	1	2	6
KothariMihir	1	10.0	12.0	10.0	12.0	2.0	2	1	2	6
Kreshnik	1	5.0	7.0	5.0	7.0	1.0	1	1	1	7
KristofHorvath	3	5.333333333333333	7.0	16.0	21.0	1.0	3	3	1	7
KrunalMandora	1	3.0	7.0	3.0	7.0	1.0	1	1	1	7
Ksenthilkumar	1	14.0	14.0	14.0	14.0	2.0	2	1	2	7
Kshitij_Kumbar	16	0.6875	2.5	11.0	40.0	1.0625	17	16	2	7
KumarAnshya	1	1.0	7.0	1.0	7.0	1.0	1	1	1	7
Kunal12Sahay	11	1.0909090909090908	1.1818181818181819	12.0	13.0	1.1818181818181819	13	11	2	1
KunalRoy	1	2.0	7.0	2.0	7.0	1.0	1	1	1	7
KunalSahay12	8	0.125	1.0	1.0	8.0	1.0	8	8	1	1
KurtW	3	4.0	7.0	12.0	21.0	1.0	3	3	1	7
Kushagra12	1	1.0	7.0	1.0	7.0	1.0	1	1	1	7
LKDJNG	22	1.8636363636363635	2.4545454545454546	41.0	54.0	1.0909090909090908	24	22	2	7
LRBarroso	1	2.0	7.0	2.0	7.0	1.0	1	1	1	7
LaStO	1	7.0	7.0	7.0	7.0	1.0	1	1	1	7
LalithaPrathima	4	5.75	8.25	23.0	33.0	1.25	5	4	2	7
LauraHoran	3	3.6666666666666665	7.0	11.0	21.0	1.0	3	3	1	7
Lenka1989	2	2.5	4.5	5.0	9.0	1.5	3	2	2	7
Leoncornivell	1	3.0	7.0	3.0	7.0	1.0	1	1	1	7
LeonidB	1	6.0	7.0	6.0	7.0	1.0	1	1	1	7
LeticiaFS	2	3.0	7.0	6.0	14.0	1.0	2	2	1	7
Lilly666	4	5.5	8.25	22.0	33.0	1.25	5	4	2	7
LluisLores	2	10.0	13.0	20.0	26.0	2.0	4	2	2	7
LokeshKoppaka	1	5.0	7.0	5.0	7.0	1.0	1	1	1	7
LoloP	2	6.5	7.0	13.0	14.0	1.0	2	2	1	7
LouShell	1	4.0	7.0	4.0	7.0	1.0	1	1	1	7
LoveRajai	1	7.0	7.0	7.0	7.0	1.0	1	1	1	7
LucDa	1	8.0	12.0	8.0	12.0	2.0	2	1	2	6
LuigiPietragalla	3	4.666666666666667	11.0	14.0	33.0	1.6666666666666667	5	3	2	7
LukeN82	8	1.75	1.75	14.0	14.0	1.0	8	8	1	7
Lyolka	1	3.0	6.0	3.0	6.0	1.0	1	1	1	6
M0Sharma	31	1.1935483870967742	1.2580645161290323	37.0	39.0	1.064516129032258	33	31	2	7
MANOJSAJEEVNAIR	5	7.8	8.0	39.0	40.0	1.2	6	5	2	7
MJ047	2	9.0	9.5	18.0	19.0	1.5	3	2	2	7
MLDebardeur	2	3.5	10.5	7.0	21.0	1.5	3	2	2	7
Mac-Swell	1	8.0	14.0	8.0	14.0	2.0	2	1	2	7
MacDev	2	10.0	10.5	20.0	21.0	1.5	3	2	2	7
MadhavUpadhye	1	3.0	7.0	3.0	7.0	1.0	1	1	1	7
MagdaQz	1	14.0	14.0	14.0	14.0	2.0	2	1	2	7
Mahesh2668	21	0.6666666666666666	1.2857142857142858	14.0	27.0	1.0	21	21	1	7
MakisT	1	5.0	7.0	5.0	7.0	1.0	1	1	1	7
MaksBaks	3	5.333333333333333	7.0	16.0	21.0	1.0	3	3	1	7
Malaram	2	7.0	7.0	14.0	14.0	1.0	2	2	1	7
MamathaBV	1	6.0	6.0	6.0	6.0	1.0	1	1	1	6
ManojPatel	30	0.9333333333333333	1.0	28.0	30.0	1.0	30	30	1	1
ManojPothuraju	2	7.5	10.5	15.0	21.0	1.5	3	2	2	7
ManuelAngulo	1	13.0	14.0	13.0	14.0	2.0	2	1	2	7
MaqboolAlam	3	3.6666666666666665	7.0	11.0	21.0	1.0	3	3	1	7
MarciaTatay	1	8.0	12.0	8.0	12.0	2.0	2	1	2	6
Margesh	1	13.0	14.0	13.0	14.0	2.0	2	1	2	7
Maria_op	34	1.4705882352941178	1.7647058823529411	50.0	60.0	1.0588235294117647	36	34	2	7
Mariemimix	10	2.6	5.1	26.0	51.0	1.1	11	10	2	7
Mario007	2	1.5	7.0	3.0	14.0	1.0	2	2	1	7
MarkBlissett	30	1.1666666666666667	1.4666666666666666	35.0	44.0	1.0666666666666667	32	30	2	7
MartijnVersluijs	1	2.0	12.0	2.0	12.0	2.0	2	1	2	6
MaryAylin	1	6.0	12.0	6.0	12.0	2.0	2	1	2	6
Mastema823	1	5.0	12.0	5.0	12.0	2.0	2	1	2	6
Matija_P	3	3.0	7.0	9.0	21.0	1.0	3	3	1	7
Maxdarkfire	1	5.0	7.0	5.0	7.0	1.0	1	1	1	7
MeZah	1	12.0	14.0	12.0	14.0	2.0	2	1	2	7
MedhaPatnaik	33	1.5757575757575757	1.606060606060606	52.0	53.0	1.0606060606060606	35	33	2	7
MeetDave	8	1.875	3.25	15.0	26.0	1.0	8	8	1	7
Mercedes_Toledo	1	2.0	6.0	2.0	6.0	1.0	1	1	1	6
Michelle_A	1	7.0	12.0	7.0	12.0	2.0	2	1	2	6
Mick_2236	1	1.0	7.0	1.0	7.0	1.0	1	1	1	7
MikeHuang822	1	13.0	14.0	13.0	14.0	2.0	2	1	2	7
Mike_R	1	5.0	7.0	5.0	7.0	1.0	1	1	1	7
Mikenitin_1992	20	1.0	1.95	20.0	39.0	1.05	21	20	2	7
MikhailBotvinnik	35	1.3714285714285714	1.8857142857142857	48.0	66.0	1.0285714285714285	36	35	2	7
Milash	31	0.1935483870967742	1.2258064516129032	6.0	38.0	1.032258064516129	32	31	2	7
Mina1	10	0.6	1.0	6.0	10.0	1.0	10	10	1	1
MirzaHo	1	4.0	7.0	4.0	7.0	1.0	1	1	1	7
MishraNavneet	2	1.5	9.5	3.0	19.0	1.5	3	2	2	7
Miss-iBee	1	8.0	12.0	8.0	12.0	2.0	2	1	2	6
MisterK	1	10.0	12.0	10.0	12.0	2.0	2	1	2	6
Mohit009	1	11.0	12.0	11.0	12.0	2.0	2	1	2	6
MrKhandelwal	1	7.0	7.0	7.0	7.0	1.0	1	1	1	7
MrNDRJ	1	7.0	12.0	7.0	12.0	2.0	2	1	2	6
MrShine	2	3.0	7.0	6.0	14.0	1.0	2	2	1	7
MrVamp	1	5.0	7.0	5.0	7.0	1.0	1	1	1	7
MrunalFatangare	1	7.0	7.0	7.0	7.0	1.0	1	1	1	7
Murdock13	2	8.0	10.5	16.0	21.0	1.5	3	2	2	7
MynaD	1	5.0	7.0	5.0	7.0	1.0	1	1	1	7
Myvideo	2	7.0	9.5	14.0	19.0	1.5	3	2	2	7
NGagyi	1	8.0	12.0	8.0	12.0	2.0	2	1	2	6
NHK	1	7.0	14.0	7.0	14.0	2.0	2	1	2	7
NISHANT_SHRESHTH	9	2.888888888888889	3.7777777777777777	26.0	34.0	1.1111111111111112	10	9	2	7
NKK	4	5.5	8.25	22.0	33.0	1.25	5	4	2	7
NKNISHANT	1	5.0	6.0	5.0	6.0	1.0	1	1	1	6
NabeelKo	3	3.6666666666666665	7.0	11.0	21.0	1.0	3	3	1	7
Nagesh_Gandewar	1	0.0	7.0	0.0	7.0	1.0	1	1	1	7
NamithaBV	1	9.0	12.0	9.0	12.0	2.0	2	1	2	6
NandP	1	4.0	7.0	4.0	7.0	1.0	1	1	1	7
Nathan111	31	0.41935483870967744	1.2258064516129032	13.0	38.0	1.032258064516129	32	31	2	7
Naveen6	1	12.0	12.0	12.0	12.0	2.0	2	1	2	6
Naveenkrishna	1	4.0	6.0	4.0	6.0	1.0	1	1	1	6
Neestha	1	5.0	7.0	5.0	7.0	1.0	1	1	1	7
Nelsonca	2	3.5	7.0	7.0	14.0	1.0	2	2	1	7
Nemorenzis	1	0.0	7.0	0.0	7.0	1.0	1	1	1	7
NickTeilhet	29	0.8275862068965517	1.6551724137931034	24.0	48.0	1.103448275862069	32	29	2	7
Nidhi4588	18	0.6111111111111112	1.3333333333333333	11.0	24.0	1.0	18	18	1	7
NidhiAgrl	1	2.0	7.0	2.0	7.0	1.0	1	1	1	7
NidhiNMenon	31	0.7419354838709677	1.1935483870967742	23.0	37.0	1.0	31	31	1	7
NijithMathew	1	6.0	7.0	6.0	7.0	1.0	1	1	1	7
Niksdgr8	3	4.0	7.0	12.0	21.0	1.0	3	3	1	7
NimaIzadi	29	0.9655172413793104	1.0	28.0	29.0	1.0	29	29	1	1
NishKV	1	14.0	14.0	14.0	14.0	2.0	2	1	2	7
Nishka123	31	0.9354838709677419	1.1935483870967742	29.0	37.0	1.0	31	31	1	7
Nomi7upt	1	7.0	7.0	7.0	7.0	1.0	1	1	1	7
NorbertSz	1	4.0	7.0	4.0	7.0	1.0	1	1	1	7
Ocran	30	0.16666666666666666	1.2333333333333334	5.0	37.0	1.0333333333333334	31	30	2	7
OhirunePotesan	3	2.3333333333333335	3.0	7.0	9.0	1.0	3	3	1	7
Okamaldeen	2	0.5	1.0	1.0	2.0	1.0	2	2	1	1
Okornoe	1	3.0	7.0	3.0	7.0	1.0	1	1	1	7
Olena_Hoch	1	14.0	14.0	14.0	14.0	2.0	2	1	2	7
Oliveristhebest	1	0.0	7.0	0.0	7.0	1.0	1	1	1	7
Ookami	1	0.0	6.0	0.0	6.0	1.0	1	1	1	6
Orono	14	0.35714285714285715	2.0	5.0	28.0	1.1428571428571428	16	14	2	7
OscarOrdenes	1	8.0	12.0	8.0	12.0	2.0	2	1	2	6
Oscarlbf	1	5.0	7.0	5.0	7.0	1.0	1	1	1	7
PATRo1	1	0.0	7.0	0.0	7.0	1.0	1	1	1	7
PAWANJI	1	1.0	7.0	1.0	7.0	1.0	1	1	1	7
PAfriyie	1	4.0	12.0	4.0	12.0	2.0	2	1	2	6
PRASHANT7	3	4.666666666666667	7.0	14.0	21.0	1.0	3	3	1	7
PSINHA1	1	12.0	12.0	12.0	12.0	2.0	2	1	2	6
Pa3ckk	1	7.0	12.0	7.0	12.0	2.0	2	1	2	6
PadmaMythili	1	10.0	12.0	10.0	12.0	2.0	2	1	2	6
Pallavi2014	1	6.0	6.0	6.0	6.0	1.0	1	1	1	6
Panchi	2	9.5	10.5	19.0	21.0	1.5	3	2	2	7
Pascal3233	1	3.0	12.0	3.0	12.0	2.0	2	1	2	6
PathanShahidKhan	32	1.28125	1.40625	41.0	45.0	1.0625	34	32	2	7
PatrickHannon	1	6.0	12.0	6.0	12.0	2.0	2	1	2	6
PatrikJL	31	1.096774193548387	1.2580645161290323	34.0	39.0	1.064516129032258	33	31	2	7
PauMont	1	7.0	7.0	7.0	7.0	1.0	1	1	1	7
PaulsonTayo	1	6.0	12.0	6.0	12.0	2.0	2	1	2	6
Pavel__	1	11.0	14.0	11.0	14.0	2.0	2	1	2	7
Pecio	1	7.0	7.0	7.0	7.0	1.0	1	1	1	7
PengJiang	1	8.0	12.0	8.0	12.0	2.0	2	1	2	6
Pergaut	1	8.0	12.0	8.0	12.0	2.0	2	1	2	6
PhilMen	2	7.0	9.5	14.0	19.0	1.5	3	2	2	7
PhilipIE	1	7.0	7.0	7.0	7.0	1.0	1	1	1	7
Piyush_Deshmukh	1	10.0	12.0	10.0	12.0	2.0	2	1	2	6
PoorCoco	1	3.0	7.0	3.0	7.0	1.0	1	1	1	7
Praburajcse	1	0.0	12.0	0.0	12.0	2.0	2	1	2	6
Prachisaggi	1	10.0	12.0	10.0	12.0	2.0	2	1	2	6
PradeepKumarN	2	3.5	7.0	7.0	14.0	1.0	2	2	1	7
Prafful123	1	8.0	12.0	8.0	12.0	2.0	2	1	2	6
PramodUbarhande	2	6.0	7.0	12.0	14.0	1.0	2	2	1	7
PranjalManchanda	1	10.0	12.0	10.0	12.0	2.0	2	1	2	6
PrashantGupta10	1	5.0	7.0	5.0	7.0	1.0	1	1	1	7
Prashant_is_here	1	5.0	7.0	5.0	7.0	1.0	1	1	1	7
Praveendwn	2	4.5	6.5	9.0	13.0	1.0	2	2	1	7
Pravin10216	2	4.0	4.5	8.0	9.0	1.5	3	2	2	7
PrestonKang	1	6.0	7.0	6.0	7.0	1.0	1	1	1	7
PrettyCharity	2	4.5	7.0	9.0	14.0	1.0	2	2	1	7
PriyalAggarwal	1	7.0	7.0	7.0	7.0	1.0	1	1	1	7
Priyanka112	12	1.8333333333333333	2.5	22.0	30.0	1.0	12	12	1	7
PriyankaDChavan	31	1.1612903225806452	1.1935483870967742	36.0	37.0	1.0	31	31	1	7
Promie	3	3.6666666666666665	7.0	11.0	21.0	1.0	3	3	1	7
Pulkitnsit	1	6.0	7.0	6.0	7.0	1.0	1	1	1	7
Purplerainbowcherrydrops1	1	6.0	14.0	6.0	14.0	2.0	2	1	2	7
RAHULPRAJAPATI	1	7.0	12.0	7.0	12.0	2.0	2	1	2	6
RDSarna	1	8.0	12.0	8.0	12.0	2.0	2	1	2	6
REDDY9	1	3.0	12.0	3.0	12.0	2.0	2	1	2	6
REX5430	1	5.0	7.0	5.0	7.0	1.0	1	1	1	7
RJAmaterasu	1	6.0	12.0	6.0	12.0	2.0	2	1	2	6
RK9932	4	5.5	5.5	22.0	22.0	1.0	4	4	1	7
RUSHINIRMA	5	0.6	1.0	3.0	5.0	1.0	5	5	1	1
RUSHISHAH	28	0.0	1.2857142857142858	0.0	36.0	1.0714285714285714	30	28	2	7
RWM	1	7.0	7.0	7.0	7.0	1.0	1	1	1	7
Racorrea	1	7.0	7.0	7.0	7.0	1.0	1	1	1	7
RaghavBansal	31	1.1290322580645162	1.1935483870967742	35.0	37.0	1.0	31	31	1	7
RajaiLove	1	7.0	7.0	7.0	7.0	1.0	1	1	1	7
RajaiLove1993	1	0.0	7.0	0.0	7.0	1.0	1	1	1	7
Rajendra_Kumar13	3	4.0	7.0	12.0	21.0	1.0	3	3	1	7
RajeshParmar	32	1.0625	1.65625	34.0	53.0	1.09375	35	32	2	7
RajnishTarwan	1	7.0	7.0	7.0	7.0	1.0	1	1	1	7
Raju8834	2	5.0	9.5	10.0	19.0	1.5	3	2	2	7
RalfJoost	6	4.666666666666667	7.0	28.0	42.0	1.0	6	6	1	7
Ramadevi02	30	0.3333333333333333	1.0333333333333334	10.0	31.0	1.0333333333333334	31	30	2	1
RamanpreetSingh	1	9.0	12.0	9.0	12.0	2.0	2	1	2	6
Ramesh321	1	8.0	14.0	8.0	14.0	2.0	2	1	2	7
RamiroVictoria	1	10.0	12.0	10.0	12.0	2.0	2	1	2	6
Randy432	1	1.0	7.0	1.0	7.0	1.0	1	1	1	7
RaphaelCorrea	1	0.0	7.0	0.0	7.0	1.0	1	1	1	7
Rashitov_Azat	4	4.0	7.0	16.0	28.0	1.0	4	4	1	7
Rati05	2	0.5	1.0	1.0	2.0	1.0	2	2	1	1
Ratnasamy	1	9.0	12.0	9.0	12.0	2.0	2	1	2	6
Raushanpatil	1	6.0	7.0	6.0	7.0	1.0	1	1	1	7
Ravikumar1234567	1	1.0	7.0	1.0	7.0	1.0	1	1	1	7
Ravin96	1	2.0	7.0	2.0	7.0	1.0	1	1	1	7
Razz	1	6.0	7.0	6.0	7.0	1.0	1	1	1	7
RebeChu	1	4.0	7.0	4.0	7.0	1.0	1	1	1	7
Rembrandt	1	6.0	7.0	6.0	7.0	1.0	1	1	1	7
Reynaldo_Melara	1	4.0	7.0	4.0	7.0	1.0	1	1	1	7
Richard_Davies	4	6.25	8.25	25.0	33.0	1.25	5	4	2	7
Rinitha	1	1.0	7.0	1.0	7.0	1.0	1	1	1	7
Riri89	1	7.0	14.0	7.0	14.0	2.0	2	1	2	7
Rishisaireddy	1	0.0	7.0	0.0	7.0	1.0	1	1	1	7
RobTrek	1	2.0	7.0	2.0	7.0	1.0	1	1	1	7
RobiBs	1	12.0	14.0	12.0	14.0	2.0	2	1	2	7
RodrigoTR	1	1.0	1.0	1.0	1.0	1.0	1	1	1	1
Rohan_Taneja	1	2.0	7.0	2.0	7.0	1.0	1	1	1	7
Rohit01071994	4	7.0	7.0	28.0	28.0	1.0	4	4	1	7
Rohit1123	4	4.0	7.0	16.0	28.0	1.0	4	4	1	7
RohithT	1	7.0	7.0	7.0	7.0	1.0	1	1	1	7
Rokudaime	1	3.0	7.0	3.0	7.0	1.0	1	1	1	7
RonHohls	33	1.3636363636363635	1.7575757575757576	45.0	58.0	1.0909090909090908	36	33	2	7
RonaldKCChow	1	9.0	12.0	9.0	12.0	2.0	2	1	2	6
RonaldUlfe	6	2.8333333333333335	4.0	17.0	24.0	1.0	6	6	1	7
Ronald_Terceira	2	1.5	4.0	3.0	8.0	1.0	2	2	1	7
RonnyHoot	1	2.0	7.0	2.0	7.0	1.0	1	1	1	7
RoyStrachan	1	3.0	7.0	3.0	7.0	1.0	1	1	1	7
Rubisson	1	1.0	7.0	1.0	7.0	1.0	1	1	1	7
Rui_Marques	1	6.0	12.0	6.0	12.0	2.0	2	1	2	6
RuthyA	1	7.0	12.0	7.0	12.0	2.0	2	1	2	6
Ryan224466	1	1.0	7.0	1.0	7.0	1.0	1	1	1	7
RyanSu	1	6.0	14.0	6.0	14.0	2.0	2	1	2	7
SAHILTOMAR	2	5.5	7.0	11.0	14.0	1.0	2	2	1	7
SAJEER36	1	0.0	7.0	0.0	7.0	1.0	1	1	1	7
SC_Lau	1	1.0	7.0	1.0	7.0	1.0	1	1	1	7
SDZ2013	1	8.0	14.0	8.0	14.0	2.0	2	1	2	7
SHIFUJAIN	2	5.0	7.0	10.0	14.0	1.0	2	2	1	7
SJNS	1	1.0	7.0	1.0	7.0	1.0	1	1	1	7
SLaze	1	7.0	7.0	7.0	7.0	1.0	1	1	1	7
SP0815	1	7.0	7.0	7.0	7.0	1.0	1	1	1	7
SRDAS	5	5.4	7.0	27.0	35.0	1.0	5	5	1	7
SRINATHN	1	7.0	7.0	7.0	7.0	1.0	1	1	1	7
SSDN	2	3.5	7.0	7.0	14.0	1.0	2	2	1	7
SShreyasRohit	1	7.0	12.0	7.0	12.0	2.0	2	1	2	6
STAFFY1GAS	1	2.0	7.0	2.0	7.0	1.0	1	1	1	7
STEVE33	6	0.3333333333333333	1.0	2.0	6.0	1.0	6	6	1	1
SUMIT1769	10	1.2	1.7	12.0	17.0	1.1	11	10	2	7
SURAJVISHWAKARMA	4	3.5	8.25	14.0	33.0	1.25	5	4	2	7
SWASTIK1	1	13.0	14.0	13.0	14.0	2.0	2	1	2	7
SYAAMANTAK	31	1.0	1.1935483870967742	31.0	37.0	1.0	31	31	1	7
SYED1954	1	2.0	7.0	2.0	7.0	1.0	1	1	1	7
Saahir	1	6.0	12.0	6.0	12.0	2.0	2	1	2	6
Sagarumalkar	32	1.28125	1.40625	41.0	45.0	1.03125	33	32	2	7
Sahityika	1	1.0	7.0	1.0	7.0	1.0	1	1	1	7
Saiprasad2595	1	7.0	7.0	7.0	7.0	1.0	1	1	1	7
Sairamkrishna	5	7.0	8.4	35.0	42.0	1.2	6	5	2	7
Sajal	12	0.8333333333333334	1.1666666666666667	10.0	14.0	1.1666666666666667	14	12	2	1
SakuraBaby	1	5.0	12.0	5.0	12.0	2.0	2	1	2	6
SalahNassar	35	1.4857142857142858	2.0	52.0	70.0	1.0285714285714285	36	35	2	7
SandeepDwivedi17	1	6.0	7.0	6.0	7.0	1.0	1	1	1	7
SangeetaMishra	1	7.0	7.0	7.0	7.0	1.0	1	1	1	7
SanjayKacha	1	14.0	14.0	14.0	14.0	2.0	2	1	2	7
SanjuktaC	1	11.0	12.0	11.0	12.0	2.0	2	1	2	6
Sanket11992	1	7.0	7.0	7.0	7.0	1.0	1	1	1	7
Sanyam96	31	0.3870967741935484	1.2580645161290323	12.0	39.0	1.064516129032258	33	31	2	7
SaranyaRangaswamy	1	10.0	12.0	10.0	12.0	2.0	2	1	2	6
SarasT	2	5.0	7.0	10.0	14.0	1.0	2	2	1	7
SathyaKamesh	2	0.5	7.0	1.0	14.0	1.0	2	2	1	7
Saurabhsinghs	1	5.0	14.0	5.0	14.0	2.0	2	1	2	7
Sbourque	1	5.0	7.0	5.0	7.0	1.0	1	1	1	7
ScottChen	32	1.5625	1.8125	50.0	58.0	1.0625	34	32	2	7
Seanrave	32	0.5	1.375	16.0	44.0	1.0	32	32	1	7
SebastianJSBG	2	5.5	9.5	11.0	19.0	1.5	3	2	2	7
SelfImprovementFanatic	2	9.0	10.5	18.0	21.0	1.5	3	2	2	7
Seradja	1	3.0	7.0	3.0	7.0	1.0	1	1	1	7
Seuanes	3	4.666666666666667	7.0	14.0	21.0	1.0	3	3	1	7
ShadowZurc	15	1.0	1.0	15.0	15.0	1.0	15	15	1	1
Shafaat	1	10.0	14.0	10.0	14.0	2.0	2	1	2	7
Shahabijan	2	6.5	7.0	13.0	14.0	1.0	2	2	1	7
Shailendra2209	2	7.0	7.0	14.0	14.0	1.0	2	2	1	7
ShamitAhmed	1	9.0	14.0	9.0	14.0	2.0	2	1	2	7
ShashiBhagendra	1	7.0	14.0	7.0	14.0	2.0	2	1	2	7
ShePa	1	3.0	7.0	3.0	7.0	1.0	1	1	1	7
SheenuSingh	1	7.0	7.0	7.0	7.0	1.0	1	1	1	7
SheikhSajid	3	3.0	7.0	9.0	21.0	1.0	3	3	1	7
Shepski	1	5.0	7.0	5.0	7.0	1.0	1	1	1	7
ShivamSaraswat	1	6.0	7.0	6.0	7.0	1.0	1	1	1	7
Shivendra1993	1	8.0	14.0	8.0	14.0	2.0	2	1	2	7
Shneha	30	1.0333333333333334	1.0666666666666667	31.0	32.0	1.0666666666666667	32	30	2	1
Shripal	1	5.0	7.0	5.0	7.0	1.0	1	1	1	7
ShruthiNaidu	1	7.0	7.0	7.0	7.0	1.0	1	1	1	7
Shubham421	1	5.0	7.0	5.0	7.0	1.0	1	1	1	7
Shubham827	5	1.0	1.0	5.0	5.0	1.0	5	5	1	1
ShubhamYewalekar	1	6.0	12.0	6.0	12.0	2.0	2	1	2	6
Siam1986	1	0.0	14.0	0.0	14.0	2.0	2	1	2	7
Siddharth96	31	0.1935483870967742	1.2580645161290323	6.0	39.0	1.064516129032258	33	31	2	7
SimpleSmith	1	0.0	14.0	0.0	14.0	2.0	2	1	2	7
Singh_cashrulz	2	7.0	7.0	14.0	14.0	1.0	2	2	1	7
Skud	31	0.7096774193548387	1.2580645161290323	22.0	39.0	1.064516129032258	33	31	2	7
Slava666	1	6.0	12.0	6.0	12.0	2.0	2	1	2	6
Smondal	1	4.0	7.0	4.0	7.0	1.0	1	1	1	7
Snehala	1	3.0	7.0	3.0	7.0	1.0	1	1	1	7
SomnathMaharana	2	7.0	9.5	14.0	19.0	1.5	3	2	2	7
Soolsberg	3	6.0	7.0	18.0	21.0	1.0	3	3	1	7
Sourav13	3	1.0	7.0	3.0	21.0	1.0	3	3	1	7
Souzaxx	1	10.0	12.0	10.0	12.0	2.0	2	1	2	6
SravanPaturi	1	6.0	7.0	6.0	7.0	1.0	1	1	1	7
Srawni	1	16.0	21.0	16.0	21.0	2.0	2	1	2	7
SriramAnne	2	4.5	7.0	9.0	14.0	1.0	2	2	1	7
Stelios10	1	7.0	7.0	7.0	7.0	1.0	1	1	1	7
Steropes	1	7.0	7.0	7.0	7.0	1.0	1	1	1	7
Stormspace	10	0.9	1.2	9.0	12.0	1.2	12	10	2	1
Subhadrakala	33	1.1515151515151516	1.3636363636363635	38.0	45.0	1.0	33	33	1	7
SubramanyaIyer	3	6.333333333333333	9.333333333333334	19.0	28.0	1.3333333333333333	4	3	2	7
Sudhamoy199	31	1.3225806451612903	1.4193548387096775	41.0	44.0	1.096774193548387	34	31	2	6
Suhanth0806	1	12.0	14.0	12.0	14.0	2.0	2	1	2	7
Sujanach	2	4.5	9.5	9.0	19.0	1.5	3	2	2	7
SukAwa	1	5.0	12.0	5.0	12.0	2.0	2	1	2	6
Sukhman123	14	1.4285714285714286	1.4285714285714286	20.0	20.0	1.0	14	14	1	7
SumitJoshi	4	4.75	8.25	19.0	33.0	1.25	5	4	2	7
SunflowerSal	3	2.6666666666666665	7.0	8.0	21.0	1.0	3	3	1	7
Super-Scientist	30	1.0	1.0	30.0	30.0	1.0	30	30	1	1
SurabhiBhushan	1	8.0	12.0	8.0	12.0	2.0	2	1	2	6
Suraj199	22	0.2727272727272727	1.0909090909090908	6.0	24.0	1.0909090909090908	24	22	2	1
SureHoneDue	1	1.0	7.0	1.0	7.0	1.0	1	1	1	7
SwaminathanRamasubramanian	3	5.333333333333333	6.666666666666667	16.0	20.0	1.3333333333333333	4	4	2	7
Syaamantak_Das	30	0.3333333333333333	1.0333333333333334	10.0	31.0	1.0333333333333334	31	30	2	1
TQH_IN	1	2.0	7.0	2.0	7.0	1.0	1	1	1	7
Tander	2	4.5	7.0	9.0	14.0	1.0	2	2	1	7
Tatdonatus	1	0.0	7.0	0.0	7.0	1.0	1	1	1	7
Tauhid007	1	2.0	7.0	2.0	7.0	1.0	1	1	1	7
Teator	1	0.0	7.0	0.0	7.0	1.0	1	1	1	7
Tejas07	2	4.0	7.0	8.0	14.0	1.0	2	2	1	7
Tewodros80	1	5.0	12.0	5.0	12.0	2.0	2	1	2	6
TheIlluminati	2	6.5	7.0	13.0	14.0	1.0	2	2	1	7
TheJMarsh	2	3.0	4.5	6.0	9.0	1.5	3	2	2	7
ThePirate12	5	5.6	7.0	28.0	35.0	1.0	5	5	1	7
TheTerrible	1	6.0	7.0	6.0	7.0	1.0	1	1	1	7
TimLink	7	4.714285714285714	7.0	33.0	49.0	1.2857142857142858	9	7	2	7
TindoP	1	2.0	7.0	2.0	7.0	1.0	1	1	1	7
TomKap	2	3.0	6.5	6.0	13.0	1.0	2	2	1	7
TomPal	1	3.0	7.0	3.0	7.0	1.0	1	1	1	7
TomSt20	1	6.0	7.0	6.0	7.0	1.0	1	1	1	7
Tony2013	31	1.0	1.1935483870967742	31.0	37.0	1.0	31	31	1	7
Travant	1	6.0	12.0	6.0	12.0	2.0	2	1	2	6
Travis_Rose	1	5.0	12.0	5.0	12.0	2.0	2	1	2	6
Tripinito	26	0.8461538461538461	1.0769230769230769	22.0	28.0	1.0769230769230769	28	26	2	1
Trups	1	7.0	7.0	7.0	7.0	1.0	1	1	1	7
Tsuree	1	12.0	14.0	12.0	14.0	2.0	2	1	2	7
Tunsco2010	4	4.25	8.25	17.0	33.0	1.25	5	4	2	7
Tusar7	1	7.0	7.0	7.0	7.0	1.0	1	1	1	7
USagar	31	0.3225806451612903	1.4516129032258065	10.0	45.0	1.064516129032258	33	31	2	7
UaiseleEpenisa	4	9.5	10.0	38.0	40.0	1.5	6	4	2	7
Uhtredshield	1	6.0	12.0	6.0	12.0	2.0	2	1	2	6
Upalkarmakar	3	3.3333333333333335	7.666666666666667	10.0	23.0	1.6666666666666667	5	3	2	7
Upasna89Ghansiyal	31	1.1290322580645162	1.4838709677419355	35.0	46.0	1.096774193548387	34	31	2	7
UttaraSanjaySahastrabuddhe	1	6.0	7.0	6.0	7.0	1.0	1	1	1	7
UweE	2	9.5	10.5	19.0	21.0	1.5	3	2	2	7
VAIBH93	2	2.5	7.0	5.0	14.0	1.0	2	2	1	7
VIMPI54	29	0.6206896551724138	1.206896551724138	18.0	35.0	1.0	29	29	1	7
V_P	9	1.7777777777777777	1.7777777777777777	16.0	16.0	1.1111111111111112	10	9	2	7
VaibhavThacker	1	4.0	6.0	4.0	6.0	2.0	2	2	2	6
Vaibs007	28	0.8928571428571429	1.0	25.0	28.0	1.0	28	28	1	1
VaidehiSenan	1	13.0	14.0	13.0	14.0	2.0	2	1	2	7
Vaish23	2	4.0	7.0	8.0	14.0	1.0	2	2	1	7
Valentinos	4	4.5	7.0	18.0	28.0	1.0	4	4	1	7
Valkie	1	3.0	7.0	3.0	7.0	1.0	1	1	1	7
VandanaA	4	5.5	8.25	22.0	33.0	1.25	5	4	2	7
Varsha09	3	3.3333333333333335	7.0	10.0	21.0	1.0	3	3	1	7
VasylS	27	1.0740740740740742	1.2592592592592593	29.0	34.0	1.037037037037037	28	27	2	7
Vecody	1	0.0	12.0	0.0	12.0	2.0	2	1	2	6
Vickyrocks	2	8.5	10.5	17.0	21.0	1.5	3	2	2	7
Viggs94	1	6.0	7.0	6.0	7.0	1.0	1	1	1	7
Vignesh05	2	3.5	10.5	7.0	21.0	1.5	3	2	2	7
VigneshDesai	1	3.0	7.0	3.0	7.0	1.0	1	1	1	7
VigneshEthiraj	2	7.0	7.0	14.0	14.0	1.0	2	2	1	7
VijayKrishnaGM	31	0.25806451612903225	1.2258064516129032	8.0	38.0	1.032258064516129	32	31	2	7
Vikas1967	31	1.1935483870967742	1.1935483870967742	37.0	37.0	1.0	31	31	1	7
Vineet42	19	0.8421052631578947	1.3157894736842106	16.0	25.0	1.0	19	19	1	7
VinodShelke	10	0.9	1.0	9.0	10.0	1.0	10	10	1	1
VishalParikh	2	10.5	10.5	21.0	21.0	1.5	3	2	2	7
VladCopil	2	6.5	7.0	13.0	14.0	1.0	2	2	1	7
Vratin	1	1.0	7.0	1.0	7.0	1.0	1	1	1	7
Wai_Shing	30	0.8333333333333334	1.0	25.0	30.0	1.0	30	30	1	1
Wajid786	1	1.0	7.0	1.0	7.0	1.0	1	1	1	7
Wandhi	5	5.0	8.0	25.0	40.0	1.2	6	5	2	7
WangRan1992	1	7.0	7.0	7.0	7.0	1.0	1	1	1	7
Wantulak	1	5.0	12.0	5.0	12.0	2.0	2	1	2	6
WayneWheeler	1	2.0	7.0	2.0	7.0	1.0	1	1	1	7
Whirrsmith	9	0.8888888888888888	1.0	8.0	9.0	1.0	9	9	1	1
WildW1ill	3	0.6666666666666666	1.0	2.0	3.0	1.0	3	3	1	1
Willjobs	1	13.0	14.0	13.0	14.0	2.0	2	1	2	7
WilmotValleyBob	1	4.0	7.0	4.0	7.0	1.0	1	1	1	7
Winder	1	11.0	12.0	11.0	12.0	2.0	2	1	2	6
WisnuPro	1	2.0	7.0	2.0	7.0	1.0	1	1	1	7
Wmnazar	31	0.8064516129032258	1.4193548387096775	25.0	44.0	1.032258064516129	32	31	2	7
Wolde	1	7.0	12.0	7.0	12.0	2.0	2	1	2	6
Wrights	1	1.0	7.0	1.0	7.0	1.0	1	1	1	7
YBhaigude	32	1.21875	1.375	39.0	44.0	1.0	32	32	1	7
YQT	1	9.0	14.0	9.0	14.0	2.0	2	1	2	7
Yangt_Jhon	1	12.0	12.0	12.0	12.0	2.0	2	1	2	6
YasaswiReddy	2	5.0	7.0	10.0	14.0	1.0	2	2	1	7
Yashitm	4	5.25	8.25	21.0	33.0	1.25	5	4	2	7
Yggdrasyl	1	7.0	7.0	7.0	7.0	1.0	1	1	1	7
Yogesh_Purohit	3	5.0	7.0	15.0	21.0	1.0	3	3	1	7
Yosmany	4	5.5	6.75	22.0	27.0	1.0	4	4	1	7
Yoyo89	1	0.0	7.0	0.0	7.0	1.0	1	1	1	7
Ysumanth	1	3.0	7.0	3.0	7.0	1.0	1	1	1	7
YuriSnitko	3	4.0	7.0	12.0	21.0	1.0	3	3	1	7
YuriyVidineev	2	3.0	7.0	6.0	14.0	1.0	2	2	1	7
YuvarajAnbarasan	1	4.0	7.0	4.0	7.0	1.0	1	1	1	7
ZacharyGuiuan	2	1.0	1.0	2.0	2.0	1.0	2	2	1	1
Zdenek62	1	3.0	7.0	3.0	7.0	1.0	1	1	1	7
Zhabassova	3	3.3333333333333335	7.0	10.0	21.0	1.0	3	3	1	7
Zhande	22	0.6818181818181818	1.8636363636363635	15.0	41.0	1.0909090909090908	24	23	2	7
Zhhzh	31	1.2580645161290323	1.2580645161290323	39.0	39.0	1.064516129032258	33	31	2	7
ZipperGalio	1	4.0	7.0	4.0	7.0	1.0	1	1	1	7
ZlGt	31	0.5806451612903226	1.2258064516129032	18.0	38.0	1.032258064516129	32	31	2	7
ZohanGarg	1	13.0	14.0	13.0	14.0	2.0	2	1	2	7
Zozie	3	2.3333333333333335	7.0	7.0	21.0	1.0	3	3	1	7
aakritiii	3	1.0	7.0	3.0	21.0	1.0	3	3	1	7
aashishevil	12	0.3333333333333333	1.0	4.0	12.0	1.0	12	12	1	1
abda1971su	1	3.0	7.0	3.0	7.0	1.0	1	1	1	7
abdoufrk	1	5.0	12.0	5.0	12.0	2.0	2	1	2	6
abduranjum	1	5.0	7.0	5.0	7.0	1.0	1	1	1	7
abenzouba	1	9.0	12.0	9.0	12.0	2.0	2	1	2	6
abhi8793	13	1.1538461538461537	1.4615384615384615	15.0	19.0	1.0	13	13	1	7
abhidipta	3	2.0	5.0	6.0	15.0	1.0	3	3	1	7
abhijay94	1	4.0	7.0	4.0	7.0	1.0	1	1	1	7
abhijeetsinghazad	1	10.0	12.0	10.0	12.0	2.0	2	1	2	6
abhisheksen360	1	10.0	12.0	10.0	12.0	2.0	2	1	2	6
abhishekvsyk	1	4.0	7.0	4.0	7.0	1.0	1	1	1	7
abuakram	31	1.032258064516129	1.2580645161290323	32.0	39.0	1.064516129032258	33	31	2	7
abulm3	3	1.6666666666666667	7.0	5.0	21.0	1.0	3	3	1	7
acozzi	2	8.0	10.5	16.0	21.0	1.5	3	2	2	7
adityadev44	2	7.0	10.5	14.0	21.0	1.5	3	2	2	7
adityapoky	3	4.333333333333333	7.0	13.0	21.0	1.0	3	3	1	7
adkashmagic	11	1.6363636363636365	1.7272727272727273	18.0	19.0	1.1818181818181819	13	11	2	7
affaau	1	6.0	6.0	6.0	6.0	1.0	1	1	1	6
agit025	6	3.6666666666666665	9.0	22.0	54.0	1.3333333333333333	8	6	2	7
agremon	1	6.0	12.0	6.0	12.0	2.0	2	1	2	6
aika24	1	2.0	7.0	2.0	7.0	1.0	1	1	1	7
aimclasses	4	4.25	7.0	17.0	28.0	1.0	4	4	1	7
airtonmedina	11	1.2727272727272727	1.5454545454545454	14.0	17.0	1.0909090909090908	12	11	2	6
ajesh_nair	3	5.0	7.0	15.0	21.0	1.0	3	3	1	7
akshay95rc	3	6.0	7.0	18.0	21.0	1.0	3	3	1	7
alcyone7	1	4.0	7.0	4.0	7.0	1.0	1	1	1	7
alecita09	1	4.0	7.0	4.0	7.0	1.0	1	1	1	7
alex1992iu	3	5.333333333333333	7.0	16.0	21.0	1.0	3	3	1	7
alex_0	8	0.25	1.25	2.0	10.0	1.25	10	8	2	1
alherm	9	2.3333333333333335	3.6666666666666665	21.0	33.0	1.0	9	9	1	7
ali_avansar	1	8.0	12.0	8.0	12.0	2.0	2	1	2	6
alibabas	1	7.0	7.0	7.0	7.0	1.0	1	1	1	7
aluysiogothardo	30	0.6	1.0333333333333334	18.0	31.0	1.0333333333333334	31	30	2	1
amar8426	1	9.0	12.0	9.0	12.0	2.0	2	1	2	6
amitst	3	2.3333333333333335	7.0	7.0	21.0	1.0	3	3	1	7
anandhatte	1	4.0	12.0	4.0	12.0	2.0	2	1	2	6
anandjayaram	1	7.0	7.0	7.0	7.0	1.0	1	1	1	7
anelson32	1	6.0	12.0	6.0	12.0	2.0	2	1	2	6
anfrajo	4	5.75	6.75	23.0	27.0	1.0	4	4	1	7
angeshpokharel	30	1.0333333333333334	1.0666666666666667	31.0	32.0	1.0666666666666667	32	30	2	1
anika021	1	3.0	7.0	3.0	7.0	1.0	1	1	1	7
anirock	30	1.0666666666666667	1.0666666666666667	32.0	32.0	1.0666666666666667	32	30	2	1
anjan2014	1	3.0	7.0	3.0	7.0	1.0	1	1	1	7
anoncodelearner	1	5.0	12.0	5.0	12.0	2.0	2	1	2	6
anonymous99	32	1.375	1.59375	44.0	51.0	1.03125	33	32	2	7
anron	1	2.0	7.0	2.0	7.0	1.0	1	1	1	7
anshulayushya	2	5.0	7.0	10.0	14.0	1.0	2	2	1	7
ansuElizabeth	1	7.0	7.0	7.0	7.0	1.0	1	1	1	7
antoniomason	1	5.0	7.0	5.0	7.0	1.0	1	1	1	7
anusha_dasari	4	6.0	7.0	24.0	28.0	1.0	4	4	1	7
arihantjain007	2	10.0	10.5	20.0	21.0	1.5	3	2	2	7
arjun_manipal	1	4.0	7.0	4.0	7.0	1.0	1	1	1	7
armo1	2	5.0	7.0	10.0	14.0	1.0	2	2	1	7
arnoldoalcides	1	6.0	7.0	6.0	7.0	1.0	1	1	1	7
arojas02	4	5.25	7.0	21.0	28.0	1.0	4	4	1	7
arsh4387	2	6.5	7.0	13.0	14.0	1.0	2	2	1	7
artsalihu	1	2.0	7.0	2.0	7.0	1.0	1	1	1	7
arunabhabhaumik	2	8.0	13.0	16.0	26.0	2.0	4	2	2	7
arunbelede	2	5.5	9.5	11.0	19.0	1.5	3	2	2	7
arunkhanna00	1	6.0	7.0	6.0	7.0	1.0	1	1	1	7
arunsingh007	31	0.7096774193548387	1.2580645161290323	22.0	39.0	1.064516129032258	33	31	2	7
arushss	6	4.166666666666667	8.166666666666666	25.0	49.0	1.1666666666666667	7	6	2	7
arvindcpp	3	4.0	7.0	12.0	21.0	1.0	3	3	1	7
ash112909	7	1.0	1.1428571428571428	7.0	8.0	1.1428571428571428	8	7	2	1
ashish456anand	1	4.0	7.0	4.0	7.0	1.0	1	1	1	7
ashish_rnd	2	3.5	7.0	7.0	14.0	1.0	2	2	1	7
ashutosh00	3	3.0	7.0	9.0	21.0	1.0	3	3	1	7
ashutosh1993	1	14.0	14.0	14.0	14.0	2.0	2	1	2	7
atgupta347	9	1.1111111111111112	1.6666666666666667	10.0	15.0	1.1111111111111112	10	10	2	7
atinzad	1	7.0	7.0	7.0	7.0	1.0	1	1	1	7
atiolraphael	5	3.0	8.4	15.0	42.0	1.2	6	5	2	7
aura2014	1	5.0	7.0	5.0	7.0	1.0	1	1	1	7
autumnalfog	1	7.0	7.0	7.0	7.0	1.0	1	1	1	7
avinash55	1	1.0	7.0	1.0	7.0	1.0	1	1	1	7
avinash676	2	0.5	7.0	1.0	14.0	1.0	2	2	1	7
avinpandy	30	0.5666666666666667	1.0333333333333334	17.0	31.0	1.0333333333333334	31	30	2	1
avocado1257	1	1.0	7.0	1.0	7.0	1.0	1	1	1	7
awanishtiwari	31	1.2580645161290323	1.2580645161290323	39.0	39.0	1.064516129032258	33	31	2	7
awgcas	31	0.9354838709677419	1.2580645161290323	29.0	39.0	1.064516129032258	33	31	2	7
ayu3shi	1	5.0	7.0	5.0	7.0	1.0	1	1	1	7
b1eedr	1	4.0	12.0	4.0	12.0	2.0	2	1	2	6
barisonur	30	1.0	1.2	30.0	36.0	1.0	30	30	1	7
barryraymond	2	3.0	9.5	6.0	19.0	1.5	3	2	2	7
bbk66	2	4.5	7.0	9.0	14.0	1.0	2	2	1	7
bbouzidi	1	7.0	7.0	7.0	7.0	1.0	1	1	1	7
bboy	1	4.0	6.0	4.0	6.0	1.0	1	1	1	6
beatronom	2	4.0	10.5	8.0	21.0	1.5	3	2	2	7
begins09	15	0.7333333333333333	1.5333333333333334	11.0	23.0	1.1333333333333333	17	15	2	7
benjani86	1	3.0	7.0	3.0	7.0	1.0	1	1	1	7
betatesterhsi	1	2.0	14.0	2.0	14.0	2.0	2	1	2	7
bharath_hyd	25	0.48	1.72	12.0	43.0	1.0	25	25	1	7
bharathnaruto	24	1.4166666666666667	1.5416666666666667	34.0	37.0	1.0416666666666667	25	24	2	7
bhargavram95	1	4.0	7.0	4.0	7.0	1.0	1	1	1	7
bhasin	1	2.0	7.0	2.0	7.0	1.0	1	1	1	7
bichuu	2	2.5	4.0	5.0	8.0	1.0	2	2	1	7
billfill	1	2.0	7.0	2.0	7.0	1.0	1	1	1	7
billwatt	4	5.75	8.25	23.0	33.0	1.25	5	4	2	7
bishnuanalytics	3	6.333333333333333	7.0	19.0	21.0	1.0	3	3	1	7
bishtcoer	1	6.0	14.0	6.0	14.0	2.0	2	1	2	7
bladim	1	2.0	7.0	2.0	7.0	1.0	1	1	1	7
bluepills	8	1.625	1.75	13.0	14.0	1.0	8	8	1	7
bramy132	1	4.0	7.0	4.0	7.0	1.0	1	1	1	7
bribre	1	5.0	7.0	5.0	7.0	1.0	1	1	1	7
camster	1	2.0	7.0	2.0	7.0	1.0	1	1	1	7
carlosrodriguezc	1	1.0	7.0	1.0	7.0	1.0	1	1	1	7
caubemuahe	31	0.8387096774193549	1.2258064516129032	26.0	38.0	1.032258064516129	32	31	2	7
ccchangtw	6	1.0	1.0	6.0	6.0	1.0	6	6	1	1
cddurbin	3	7.0	8.666666666666666	21.0	26.0	1.3333333333333333	4	3	2	7
cefitterer	3	4.0	7.0	12.0	21.0	1.0	3	3	1	7
cesar25	1	5.0	7.0	5.0	7.0	1.0	1	1	1	7
chandan93	1	7.0	7.0	7.0	7.0	1.0	1	1	1	7
chazgui	10	3.4	3.4	34.0	34.0	1.0	10	10	1	7
chetan_crasta	1	12.0	14.0	12.0	14.0	2.0	2	1	2	7
chittimalla123	2	6.5	7.0	13.0	14.0	1.0	2	2	1	7
chrisg13569	1	3.0	12.0	3.0	12.0	2.0	2	1	2	6
christheba	1	4.0	12.0	4.0	12.0	2.0	2	1	2	6
cjsinghmca	1	1.0	7.0	1.0	7.0	1.0	1	1	1	7
cjvolkert	1	9.0	12.0	9.0	12.0	2.0	2	1	2	6
cmknisely	2	7.0	9.5	14.0	19.0	1.5	3	2	2	7
code1234	2	2.5	7.0	5.0	14.0	1.0	2	2	1	7
coder99	2	4.0	7.0	8.0	14.0	1.0	2	2	1	7
coderark	1	6.0	12.0	6.0	12.0	2.0	2	1	2	6
codice	2	3.5	7.0	7.0	14.0	1.0	2	2	1	7
coolguymohit	1	8.0	12.0	8.0	12.0	2.0	2	1	2	6
cosmas13	2	1.5	7.0	3.0	14.0	1.0	2	2	1	7
cp297	1	12.0	14.0	12.0	14.0	2.0	2	1	2	7
crackerjacker23	3	3.6666666666666665	7.0	11.0	21.0	1.0	3	3	1	7
cricricombowino	3	1.6666666666666667	7.0	5.0	21.0	1.0	3	3	1	7
cyberghost51	1	11.0	14.0	11.0	14.0	2.0	2	1	2	7
cybermandu	2	7.5	9.5	15.0	19.0	1.5	3	2	2	7
cyrilmanayath	1	0.0	7.0	0.0	7.0	1.0	1	1	1	7
d3f1n3	31	0.967741935483871	1.2580645161290323	30.0	39.0	1.064516129032258	33	31	2	7
dRohan	17	0.8235294117647058	1.3529411764705883	14.0	23.0	1.0	17	17	1	7
danayettey	1	10.0	14.0	10.0	14.0	2.0	2	1	2	7
daniel3323	3	4.666666666666667	7.0	14.0	21.0	1.0	3	3	1	7
danieljeswin	9	0.7777777777777778	1.7777777777777777	7.0	16.0	1.0	9	9	1	7
danielvalenciav	1	3.0	7.0	3.0	7.0	1.0	1	1	1	7
david_listens	2	10.0	10.5	20.0	21.0	1.5	3	2	2	7
davitnah0513	1	9.0	12.0	9.0	12.0	2.0	2	1	2	6
db007	3	5.333333333333333	9.333333333333334	16.0	28.0	1.3333333333333333	4	3	2	7
dbrown-ns	2	12.0	13.0	24.0	26.0	2.0	4	2	2	7
debrajsaha	1	12.0	14.0	12.0	14.0	2.0	2	1	2	7
decobt	1	0.0	7.0	0.0	7.0	1.0	1	1	1	7
deeksha794	1	1.0	7.0	1.0	7.0	1.0	1	1	1	7
dennism1025	1	9.0	12.0	9.0	12.0	2.0	2	1	2	6
devadeka	30	0.9	1.2	27.0	36.0	1.0	30	30	1	7
devpunk	11	1.4545454545454546	2.090909090909091	16.0	23.0	1.0	11	11	1	7
dhanasettyabhishek	1	7.0	7.0	7.0	7.0	1.0	1	1	1	7
dharmesh95	2	7.5	10.5	15.0	21.0	1.5	3	2	2	7
dharsunil123	31	1.1612903225806452	1.3870967741935485	36.0	43.0	1.0	31	31	1	7
dhruv2808	1	3.0	7.0	3.0	7.0	1.0	1	1	1	7
dielecktro	2	2.5	4.0	5.0	8.0	1.0	2	2	1	7
digu2000	1	0.0	7.0	0.0	7.0	1.0	1	1	1	7
dimpu09524	4	4.75	8.25	19.0	33.0	1.25	5	4	2	7
dineshhh	1	7.0	7.0	7.0	7.0	1.0	1	1	1	7
dippatel1994	1	5.0	7.0	5.0	7.0	1.0	1	1	1	7
dksehgal	27	0.8888888888888888	1.2962962962962963	24.0	35.0	1.0740740740740742	29	27	2	7
dmdchicago	1	3.0	6.0	3.0	6.0	2.0	2	2	2	6
dogplate	1	4.0	7.0	4.0	7.0	1.0	1	1	1	7
dpalma	1	6.0	7.0	6.0	7.0	1.0	1	1	1	7
drcharlie98	2	3.5	7.0	7.0	14.0	1.0	2	2	1	7
duanhuihui2009	1	3.0	7.0	3.0	7.0	1.0	1	1	1	7
duke2949	3	7.0	9.333333333333334	21.0	28.0	1.3333333333333333	4	3	2	7
dulti	1	7.0	7.0	7.0	7.0	1.0	1	1	1	7
duncan_lord	1	2.0	7.0	2.0	7.0	1.0	1	1	1	7
eLnof	1	4.0	12.0	4.0	12.0	2.0	2	1	2	6
ec_rahul46	31	1.3548387096774193	1.4193548387096775	42.0	44.0	1.096774193548387	34	31	2	6
edgardmmerlo	1	3.0	7.0	3.0	7.0	1.0	1	1	1	7
edxgil	1	2.0	7.0	2.0	7.0	1.0	1	1	1	7
ejiofor	11	0.2727272727272727	1.7272727272727273	3.0	19.0	1.1818181818181819	13	11	2	7
ekanshsingh	3	4.0	7.0	12.0	21.0	1.0	3	3	1	7
elmoor	2	3.5	7.0	7.0	14.0	1.0	2	2	1	7
ememudotte	3	1.3333333333333333	7.0	4.0	21.0	1.0	3	3	1	7
emmebi	1	5.0	7.0	5.0	7.0	1.0	1	1	1	7
eng_ahmad_ibrahim	1	10.0	12.0	10.0	12.0	2.0	2	1	2	6
eng_ibrahim	1	4.0	7.0	4.0	7.0	1.0	1	1	1	7
enrichme	1	6.0	12.0	6.0	12.0	2.0	2	1	2	6
esper7	1	6.0	6.0	6.0	6.0	1.0	1	1	1	6
evilek2600	2	5.5	10.5	11.0	21.0	1.5	3	2	2	7
evln85	1	7.0	12.0	7.0	12.0	2.0	2	1	2	6
excellentconnections	1	6.0	12.0	6.0	12.0	2.0	2	1	2	6
eyalbl	1	5.0	12.0	5.0	12.0	2.0	2	1	2	6
fasid	1	14.0	14.0	14.0	14.0	2.0	2	1	2	7
feliscatus	1	5.0	7.0	5.0	7.0	1.0	1	1	1	7
fionayong	3	3.3333333333333335	7.666666666666667	10.0	23.0	1.6666666666666667	5	3	2	7
fjsully3	1	3.0	7.0	3.0	7.0	1.0	1	1	1	7
folicsar	1	0.0	7.0	0.0	7.0	1.0	1	1	1	7
formagini	1	10.0	14.0	10.0	14.0	2.0	2	1	2	7
fouadfarooq	1	7.0	7.0	7.0	7.0	1.0	1	1	1	7
fpasquini	31	0.9354838709677419	1.1935483870967742	29.0	37.0	1.0	31	31	1	7
frankyd	25	0.72	1.04	18.0	26.0	1.04	26	25	2	1
franzsunil	1	6.0	12.0	6.0	12.0	2.0	2	1	2	6
fuzzie	1	0.0	7.0	0.0	7.0	1.0	1	1	1	7
g3mini1000	1	4.0	6.0	4.0	6.0	1.0	1	1	1	6
gLadenhauf	1	5.0	6.0	5.0	6.0	2.0	2	2	2	6
garimagupta16	1	3.0	7.0	3.0	7.0	1.0	1	1	1	7
gaurav86429	21	1.619047619047619	2.1904761904761907	34.0	46.0	1.0476190476190477	22	21	2	7
geertlpa168	1	7.0	12.0	7.0	12.0	2.0	2	1	2	6
geethaprasanth	1	1.0	7.0	1.0	7.0	1.0	1	1	1	7
genimolinajack	1	2.0	7.0	2.0	7.0	1.0	1	1	1	7
gerardo220188	1	6.0	7.0	6.0	7.0	1.0	1	1	1	7
ghora	2	1.5	7.0	3.0	14.0	1.0	2	2	1	7
gkrimpas	1	3.0	6.0	3.0	6.0	1.0	1	1	1	6
glenndrives	1	12.0	12.0	12.0	12.0	2.0	2	1	2	6
golu1993	32	0.21875	1.40625	7.0	45.0	1.03125	33	32	2	7
grapesofwrath	1	13.0	14.0	13.0	14.0	2.0	2	1	2	7
greebenny	27	0.3333333333333333	1.0740740740740742	9.0	29.0	1.0740740740740742	29	27	2	1
grigor22	17	0.9411764705882353	1.0	16.0	17.0	1.0	17	17	1	1
gtarun	1	4.0	7.0	4.0	7.0	1.0	1	1	1	7
gtripurari	5	1.6	5.0	8.0	25.0	1.4	7	5	2	7
gudapatipravallika	1	7.0	7.0	7.0	7.0	1.0	1	1	1	7
guptaritika	30	0.5666666666666667	1.0	17.0	30.0	1.0	30	30	1	1
gurparas	3	4.333333333333333	7.0	13.0	21.0	1.0	3	3	1	7
gurpreet1	3	6.333333333333333	7.0	19.0	21.0	1.0	3	3	1	7
h1manshu	31	1.064516129032258	1.1935483870967742	33.0	37.0	1.0	31	31	1	7
hacksetyobudi	1	1.0	7.0	1.0	7.0	1.0	1	1	1	7
hai25	7	0.7142857142857143	1.8571428571428572	5.0	13.0	1.0	7	7	1	7
haliloo	20	1.25	1.3	25.0	26.0	1.0	20	20	1	7
hameed_4g	1	10.0	12.0	10.0	12.0	2.0	2	1	2	6
hany05	4	4.0	5.5	16.0	22.0	1.0	4	4	1	7
hararaja	6	3.6666666666666665	7.0	22.0	42.0	1.3333333333333333	8	6	2	7
harikishor1	1	7.0	7.0	7.0	7.0	1.0	1	1	1	7
harjinder733	27	1.0	1.2222222222222223	27.0	33.0	1.0	27	27	1	7
harsh_goel	1	7.0	7.0	7.0	7.0	1.0	1	1	1	7
harsh_goel183	1	1.0	7.0	1.0	7.0	1.0	1	1	1	7
harshitanand	4	3.5	7.0	14.0	28.0	1.0	4	4	1	7
hashmi786	1	4.0	7.0	4.0	7.0	1.0	1	1	1	7
hassn	1	2.0	7.0	2.0	7.0	1.0	1	1	1	7
hayfever	3	3.0	7.0	9.0	21.0	1.0	3	3	1	7
hbfmec	1	9.0	12.0	9.0	12.0	2.0	2	1	2	6
hectorgz	20	1.2	1.35	24.0	27.0	1.05	21	20	2	7
heinwlouw	31	1.1290322580645162	1.4838709677419355	35.0	46.0	1.096774193548387	34	31	2	7
hemuinakollu	1	4.0	7.0	4.0	7.0	1.0	1	1	1	7
hesham_hesham	1	2.0	7.0	2.0	7.0	1.0	1	1	1	7
heskey	1	1.0	7.0	1.0	7.0	1.0	1	1	1	7
hetamanan	2	6.5	6.5	13.0	13.0	1.0	2	2	1	7
him89088	2	7.0	7.0	14.0	14.0	1.0	2	2	1	7
himmat	1	10.0	14.0	10.0	14.0	2.0	2	1	2	7
hkaell	1	11.0	12.0	11.0	12.0	2.0	2	1	2	6
hobsons_apprentice	1	5.0	7.0	5.0	7.0	1.0	1	1	1	7
hqphat	1	5.0	7.0	5.0	7.0	1.0	1	1	1	7
hqying	1	10.0	14.0	10.0	14.0	2.0	2	1	2	7
hrjoshi28	1	9.0	14.0	9.0	14.0	2.0	2	1	2	7
iG0tB00ts	1	3.0	7.0	3.0	7.0	1.0	1	1	1	7
iTakeMyTimeThinking	1	6.0	12.0	6.0	12.0	2.0	2	1	2	6
il136	22	1.1363636363636365	1.2727272727272727	25.0	28.0	1.0	22	22	1	7
il76man	1	7.0	12.0	7.0	12.0	2.0	2	1	2	6
imsteve	1	6.0	14.0	6.0	14.0	2.0	2	1	2	7
inder2100	3	5.0	7.0	15.0	21.0	1.0	3	3	1	7
inetwarrior	1	3.0	7.0	3.0	7.0	1.0	1	1	1	7
innocentsingh	1	7.0	12.0	7.0	12.0	2.0	2	1	2	6
intcop	1	2.0	7.0	2.0	7.0	1.0	1	1	1	7
ishika	3	1.0	7.0	3.0	21.0	1.0	3	3	1	7
it_nish	1	3.0	7.0	3.0	7.0	1.0	1	1	1	7
iusong	1	9.0	12.0	9.0	12.0	2.0	2	1	2	6
ivan_bozic	1	4.0	7.0	4.0	7.0	1.0	1	1	1	7
jackacid	12	1.4166666666666667	2.0	17.0	24.0	1.0	12	12	1	7
jajarvin	3	3.6666666666666665	5.0	11.0	15.0	1.0	3	3	1	7
jakh	1	7.0	7.0	7.0	7.0	1.0	1	1	1	7
jamestanaka	9	0.7777777777777778	1.0	7.0	9.0	1.0	9	9	1	1
jamzz8	2	6.5	7.0	13.0	14.0	1.0	2	2	1	7
janamp	3	3.3333333333333335	8.666666666666666	10.0	26.0	1.3333333333333333	4	3	2	7
jcortes92	1	2.0	7.0	2.0	7.0	1.0	1	1	1	7
jekelo	32	1.09375	1.40625	35.0	45.0	1.03125	33	32	2	7
jfspence	1	4.0	7.0	4.0	7.0	1.0	1	1	1	7
jharris424	2	9.0	10.5	18.0	21.0	1.5	3	2	2	7
jhoncastro	1	7.0	7.0	7.0	7.0	1.0	1	1	1	7
jimmicat	14	1.0	1.4285714285714286	14.0	20.0	1.0	14	14	1	7
jimmyjim11	1	6.0	12.0	6.0	12.0	2.0	2	1	2	6
jkone27	1	0.0	7.0	0.0	7.0	1.0	1	1	1	7
jla10h	4	6.5	8.25	26.0	33.0	1.25	5	4	2	7
jmreguiluz	2	4.0	7.0	8.0	14.0	1.0	2	2	1	7
jmtorrecilla	1	0.0	7.0	0.0	7.0	1.0	1	1	1	7
jnaneshkonakalla	1	7.0	7.0	7.0	7.0	1.0	1	1	1	7
jo3276	1	2.0	7.0	2.0	7.0	1.0	1	1	1	7
joao_laia	2	7.0	7.0	14.0	14.0	1.0	2	2	1	7
jodpcc	1	7.0	12.0	7.0	12.0	2.0	2	1	2	6
joeblame	2	2.5	10.5	5.0	21.0	1.5	3	2	2	7
johndeb10	3	5.333333333333333	7.0	16.0	21.0	1.0	3	3	1	7
jomanw	4	5.75	8.25	23.0	33.0	1.25	5	4	2	7
jonyred	2	5.5	10.5	11.0	21.0	1.5	3	2	2	7
josembello	2	7.0	10.5	14.0	21.0	1.5	3	2	2	7
joshianokhi	3	2.6666666666666665	7.0	8.0	21.0	1.0	3	3	1	7
josifer	2	7.0	10.5	14.0	21.0	1.5	3	2	2	7
jrgg	3	3.0	7.0	9.0	21.0	1.0	3	3	1	7
jrh111	1	3.0	7.0	3.0	7.0	1.0	1	1	1	7
jsherp	1	11.0	14.0	11.0	14.0	2.0	2	1	2	7
jtmeros	1	7.0	12.0	7.0	12.0	2.0	2	1	2	6
juanlondono6	2	5.0	7.0	10.0	14.0	1.0	2	2	1	7
juliachu00	4	5.75	8.25	23.0	33.0	1.25	5	4	2	7
k15ashish	1	3.0	7.0	3.0	7.0	1.0	1	1	1	7
kaelcao	1	5.0	7.0	5.0	7.0	1.0	1	1	1	7
kaiser_25	10	0.9	1.0	9.0	10.0	1.0	10	10	1	1
kajalgupta	1	2.0	7.0	2.0	7.0	1.0	1	1	1	7
kaksonen	1	6.0	12.0	6.0	12.0	2.0	2	1	2	6
kamalparyani	1	5.0	7.0	5.0	7.0	1.0	1	1	1	7
kannan19	1	1.0	7.0	1.0	7.0	1.0	1	1	1	7
kanth_ece	13	0.8461538461538461	1.0	11.0	13.0	1.0	13	13	1	1
kanwarlal	1	4.0	7.0	4.0	7.0	1.0	1	1	1	7
kapcho1	1	11.0	14.0	11.0	14.0	2.0	2	1	2	7
kareliya	1	4.0	14.0	4.0	14.0	2.0	2	1	2	7
karthikeyan94	1	6.0	6.0	6.0	6.0	1.0	1	1	1	6
kavinarasan	2	6.5	7.0	13.0	14.0	1.0	2	2	1	7
kavinarya	1	2.0	7.0	2.0	7.0	1.0	1	1	1	7
kdcherli	1	5.0	7.0	5.0	7.0	1.0	1	1	1	7
keerthi22	3	4.333333333333333	7.0	13.0	21.0	1.0	3	3	1	7
kellihuynh	2	7.5	9.5	15.0	19.0	1.5	3	2	2	7
kevinkol	2	1.5	6.5	3.0	13.0	1.0	2	2	1	7
kevpatel	3	4.0	7.0	12.0	21.0	1.0	3	3	1	7
khaled131	5	7.4	8.0	37.0	40.0	1.2	6	5	2	7
khushbukareliya	1	14.0	14.0	14.0	14.0	2.0	2	1	2	7
khushwantSahay	2	10.5	10.5	21.0	21.0	1.5	3	2	2	7
kiara_2692	32	1.40625	1.40625	45.0	45.0	1.0	32	32	1	7
kim101	1	4.0	7.0	4.0	7.0	1.0	1	1	1	7
kineb	1	1.0	7.0	1.0	7.0	1.0	1	1	1	7
kinteseay	2	3.0	7.0	6.0	14.0	1.0	2	2	1	7
kiranm516	1	6.0	7.0	6.0	7.0	1.0	1	1	1	7
kishoresuresh	1	0.0	7.0	0.0	7.0	1.0	1	1	1	7
komeny	5	5.8	8.4	29.0	42.0	1.2	6	5	2	7
koparsky	1	3.0	12.0	3.0	12.0	2.0	2	1	2	6
kovacsm	1	6.0	12.0	6.0	12.0	2.0	2	1	2	6
kpganesh	1	6.0	14.0	6.0	14.0	2.0	2	1	2	7
krajbhan	1	8.0	12.0	8.0	12.0	2.0	2	1	2	6
kralizeck	1	0.0	14.0	0.0	14.0	2.0	2	1	2	7
krchowdary	1	11.0	14.0	11.0	14.0	2.0	2	1	2	7
krisreddi46	1	6.0	7.0	6.0	7.0	1.0	1	1	1	7
krithikarao	2	8.0	10.5	16.0	21.0	1.5	3	2	2	7
kritikaVS	2	5.5	10.5	11.0	21.0	1.5	3	2	2	7
ksatyanandasarma	2	1.5	7.0	3.0	14.0	1.0	2	2	1	7
kumar001	30	0.7	1.0333333333333334	21.0	31.0	1.0333333333333334	31	30	2	1
kunalk454	1	3.0	7.0	3.0	7.0	1.0	1	1	1	7
kundan_sonu	3	4.333333333333333	6.666666666666667	13.0	20.0	1.0	3	3	1	7
kurtruk	2	7.5	10.5	15.0	21.0	1.5	3	2	2	7
kush111	1	7.0	7.0	7.0	7.0	1.0	1	1	1	7
kushagra2012	1	3.0	7.0	3.0	7.0	1.0	1	1	1	7
kushagranitj	1	0.0	7.0	0.0	7.0	1.0	1	1	1	7
kvrb	1	0.0	7.0	0.0	7.0	1.0	1	1	1	7
kwatra_ps	3	1.6666666666666667	7.0	5.0	21.0	1.0	3	3	1	7
ky999999	33	0.0	2.0	0.0	66.0	1.0909090909090908	36	33	2	7
kyrpav	4	4.5	8.25	18.0	33.0	1.25	5	4	2	7
laguna9loire	1	2.0	7.0	2.0	7.0	1.0	1	1	1	7
lakshmank	30	0.6	1.0666666666666667	18.0	32.0	1.0666666666666667	32	30	2	1
latadani	1	1.0	7.0	1.0	7.0	1.0	1	1	1	7
latufainu	4	2.75	10.0	11.0	40.0	1.5	6	4	2	7
lbgd	1	0.0	7.0	0.0	7.0	1.0	1	1	1	7
leocata	2	4.5	7.0	9.0	14.0	1.0	2	2	1	7
lilydove	26	1.0384615384615385	1.2307692307692308	27.0	32.0	1.0	26	26	1	7
lizzwire	1	6.0	7.0	6.0	7.0	1.0	1	1	1	7
lloydellsworthwilson	1	1.0	7.0	1.0	7.0	1.0	1	1	1	7
lmalis	1	7.0	7.0	7.0	7.0	1.0	1	1	1	7
loefflma	12	0.8333333333333334	1.0	10.0	12.0	1.0	12	12	1	1
lokesh2801	3	0.6666666666666666	7.0	2.0	21.0	1.0	3	3	1	7
lonehuzler	3	2.0	7.0	6.0	21.0	1.0	3	3	1	7
lorenpil	1	0.0	7.0	0.0	7.0	1.0	1	1	1	7
ludarkstar99	1	7.0	12.0	7.0	12.0	2.0	2	1	2	6
luksdoc	2	8.5	9.5	17.0	19.0	1.5	3	2	2	7
lvhkrishna	1	7.0	7.0	7.0	7.0	1.0	1	1	1	7
maMykola	2	4.5	7.0	9.0	14.0	1.0	2	2	1	7
mactonio	4	4.25	7.0	17.0	28.0	1.0	4	4	1	7
malkit_babbra	1	7.0	7.0	7.0	7.0	1.0	1	1	1	7
malu229	1	5.0	7.0	5.0	7.0	1.0	1	1	1	7
manish4r	2	2.5	7.0	5.0	14.0	1.0	2	2	1	7
manishkbohra	1	5.0	14.0	5.0	14.0	2.0	2	1	2	7
manjeet950	2	0.0	1.0	0.0	2.0	1.0	2	2	1	1
manpreetdhillon1	3	3.3333333333333335	7.0	10.0	21.0	1.0	3	3	1	7
manumaheshwari	1	6.0	7.0	6.0	7.0	1.0	1	1	1	7
marc_miranda	30	0.8333333333333334	1.0	25.0	30.0	1.0	30	30	1	1
marccello	2	2.0	7.0	4.0	14.0	1.0	2	2	1	7
marcosrodrey	1	10.0	12.0	10.0	12.0	2.0	2	1	2	6
marinaBarbosa	1	3.0	7.0	3.0	7.0	1.0	1	1	1	7
marjan_rozman	5	1.0	1.0	5.0	5.0	1.0	5	5	1	1
maroc7	3	4.0	7.0	12.0	21.0	1.0	3	3	1	7
masatak	2	6.5	7.0	13.0	14.0	1.0	2	2	1	7
masoombajaj	1	7.0	7.0	7.0	7.0	1.0	1	1	1	7
mateusmartos	3	2.6666666666666665	7.0	8.0	21.0	1.0	3	3	1	7
matthewbeltran123	1	0.0	7.0	0.0	7.0	1.0	1	1	1	7
matuldo	1	14.0	14.0	14.0	14.0	2.0	2	1	2	7
max_hellrocker	1	0.0	7.0	0.0	7.0	1.0	1	1	1	7
maxassassinator	1	0.0	7.0	0.0	7.0	1.0	1	1	1	7
maxmayank	3	7.0	7.0	21.0	21.0	1.0	3	3	1	7
mayank15071991	31	0.22580645161290322	1.2580645161290323	7.0	39.0	1.064516129032258	33	31	2	7
mayanksinghal	1	5.0	7.0	5.0	7.0	1.0	1	1	1	7
mazmer	4	1.0	1.0	4.0	4.0	1.0	4	4	1	1
mb005	1	1.0	7.0	1.0	7.0	1.0	1	1	1	7
mck1995	1	10.0	14.0	10.0	14.0	2.0	2	1	2	7
medhavikumar	3	5.333333333333333	11.0	16.0	33.0	1.6666666666666667	5	3	2	7
mefm	1	0.0	14.0	0.0	14.0	2.0	2	1	2	7
melmina	1	7.0	12.0	7.0	12.0	2.0	2	1	2	6
mestifanos	1	6.0	12.0	6.0	12.0	2.0	2	1	2	6
metemadi	1	9.0	12.0	9.0	12.0	2.0	2	1	2	6
mgurunathreddy	4	5.75	8.25	23.0	33.0	1.25	5	4	2	7
mhamayel	1	6.0	7.0	6.0	7.0	1.0	1	1	1	7
mhamayel13	1	0.0	7.0	0.0	7.0	1.0	1	1	1	7
mhran9333	1	1.0	7.0	1.0	7.0	1.0	1	1	1	7
mhwelsh	4	0.5	1.0	2.0	4.0	1.0	4	4	1	1
miaukens	1	4.0	7.0	4.0	7.0	1.0	1	1	1	7
mickysourav	1	7.0	7.0	7.0	7.0	1.0	1	1	1	7
midkid22	1	10.0	12.0	10.0	12.0	2.0	2	1	2	6
mihir009	1	6.0	14.0	6.0	14.0	2.0	2	1	2	7
mikoma	4	4.0	8.25	16.0	33.0	1.25	5	4	2	7
mildrdjim	1	2.0	7.0	2.0	7.0	1.0	1	1	1	7
milonasko	21	1.4761904761904763	1.9047619047619047	31.0	40.0	1.0476190476190477	22	21	2	7
mindi06	1	5.0	12.0	5.0	12.0	2.0	2	1	2	6
miteshphalak	1	3.0	7.0	3.0	7.0	1.0	1	1	1	7
mjmcconnell	1	5.0	7.0	5.0	7.0	1.0	1	1	1	7
mlima72	1	3.0	7.0	3.0	7.0	1.0	1	1	1	7
mmaraney	30	0.4666666666666667	1.0333333333333334	14.0	31.0	1.0333333333333334	31	30	2	1
mmrunmayi	2	4.0	7.0	8.0	14.0	1.0	2	2	1	7
mnabity	1	12.0	14.0	12.0	14.0	2.0	2	1	2	7
mohanprakash	26	1.4230769230769231	1.7307692307692308	37.0	45.0	1.0384615384615385	27	26	2	7
mohit22995	1	5.0	7.0	5.0	7.0	1.0	1	1	1	7
mohit87	1	7.0	7.0	7.0	7.0	1.0	1	1	1	7
monica_	1	5.0	7.0	5.0	7.0	1.0	1	1	1	7
montgmry	2	8.5	9.5	17.0	19.0	1.5	3	2	2	7
morepj	1	10.0	12.0	10.0	12.0	2.0	2	1	2	6
mostafa	30	0.9	1.4666666666666666	27.0	44.0	1.0666666666666667	32	30	2	7
mounika5	4	4.25	8.25	17.0	33.0	1.25	5	4	2	7
mpmendespt	7	6.0	8.714285714285714	42.0	61.0	1.2857142857142858	9	7	2	7
mradoychovski	32	1.4375	1.59375	46.0	51.0	1.03125	33	32	2	7
mrana	8	0.75	1.0	6.0	8.0	1.0	8	8	1	1
mrchiwizi	2	2.0	6.5	4.0	13.0	1.0	2	2	1	7
mrmelchi	2	5.0	7.0	10.0	14.0	1.0	2	2	1	7
mrshuaib	1	3.0	18.0	3.0	18.0	2.0	2	1	2	6
msbm97	4	5.5	7.0	22.0	28.0	1.0	4	4	1	7
msilib	1	0.0	7.0	0.0	7.0	1.0	1	1	1	7
msraju	7	0.8571428571428571	1.0	6.0	7.0	1.0	7	7	1	1
mtanikanti	1	7.0	7.0	7.0	7.0	1.0	1	1	1	7
muditbhasin	26	0.8076923076923077	1.3076923076923077	21.0	34.0	1.0769230769230769	28	26	2	7
mukulpathade	9	0.8888888888888888	1.7777777777777777	8.0	16.0	1.1111111111111112	10	9	2	7
muneebhashmi111	1	7.0	7.0	7.0	7.0	1.0	1	1	1	7
myendrek	4	5.0	8.75	20.0	35.0	1.25	5	4	2	7
myselfkiran	32	1.15625	1.25	37.0	40.0	1.0625	34	32	2	7
nal5047	1	3.0	14.0	3.0	14.0	2.0	2	1	2	7
nandygourav	1	1.0	7.0	1.0	7.0	1.0	1	1	1	7
natalinog2002	1	2.0	6.0	2.0	6.0	2.0	2	2	2	6
natamok	1	14.0	14.0	14.0	14.0	2.0	2	1	2	7
naveedannoor	1	11.0	12.0	11.0	12.0	2.0	2	1	2	6
neerajg	2	1.5	10.5	3.0	21.0	1.5	3	2	2	7
nehasweet95	30	0.6666666666666666	1.0333333333333334	20.0	31.0	1.0333333333333334	31	30	2	1
nhutchins	1	14.0	14.0	14.0	14.0	2.0	2	1	2	7
nickolasiglaseas	30	0.26666666666666666	1.0666666666666667	8.0	32.0	1.0666666666666667	32	30	2	1
nidhidattatray	2	7.0	7.0	14.0	14.0	1.0	2	2	1	7
niharmehta95	1	12.0	12.0	12.0	12.0	2.0	2	1	2	6
nish5uec	3	5.333333333333333	7.0	16.0	21.0	1.0	3	3	1	7
nivarp	3	2.0	5.333333333333333	6.0	16.0	1.3333333333333333	4	3	2	7
njain643	18	0.6666666666666666	1.0	12.0	18.0	1.0	18	18	1	1
nks16	1	12.0	14.0	12.0	14.0	2.0	2	1	2	7
nlea	2	2.5	7.0	5.0	14.0	1.0	2	2	1	7
nvp229	1	6.0	7.0	6.0	7.0	1.0	1	1	1	7
nymtk	1	8.0	12.0	8.0	12.0	2.0	2	1	2	6
oabm77	1	3.0	7.0	3.0	7.0	1.0	1	1	1	7
oframe	4	5.5	8.25	22.0	33.0	1.25	5	4	2	7
ofultzjr	1	3.0	12.0	3.0	12.0	2.0	2	1	2	6
omarkhaled1995	1	4.0	6.0	4.0	6.0	1.0	1	1	1	6
oorbes	1	3.0	6.0	3.0	6.0	1.0	1	1	1	6
osopinoso	1	9.0	12.0	9.0	12.0	2.0	2	1	2	6
p_a_s_i	32	1.21875	1.375	39.0	44.0	1.0	32	32	1	7
paboowal	1	7.0	7.0	7.0	7.0	1.0	1	1	1	7
palacios22c	1	3.0	7.0	3.0	7.0	1.0	1	1	1	7
parth1799i	3	7.0	7.0	21.0	21.0	1.0	3	3	1	7
parvez301	30	0.7333333333333333	1.0	22.0	30.0	1.0	30	30	1	1
patelmanmeet	1	5.0	7.0	5.0	7.0	1.0	1	1	1	7
pavanballa	1	14.0	14.0	14.0	14.0	2.0	2	1	2	7
paw376	3	5.0	7.0	15.0	21.0	1.0	3	3	1	7
pawel2104	1	3.0	7.0	3.0	7.0	1.0	1	1	1	7
pchristopher	1	11.0	14.0	11.0	14.0	2.0	2	1	2	7
pdgupta26	2	0.5	1.0	1.0	2.0	2.0	4	4	2	1
pedralm	4	6.75	8.75	27.0	35.0	1.25	5	4	2	7
peertaha	1	5.0	12.0	5.0	12.0	2.0	2	1	2	6
penguinhack6281	1	2.0	7.0	2.0	7.0	1.0	1	1	1	7
pepe7	1	1.0	7.0	1.0	7.0	1.0	1	1	1	7
pery_vk	2	8.5	10.5	17.0	21.0	1.5	3	2	2	7
petermehle	1	7.0	7.0	7.0	7.0	1.0	1	1	1	7
pguzman10	2	4.5	4.5	9.0	9.0	1.5	3	2	2	7
phatphred	33	1.121212121212121	1.4242424242424243	37.0	47.0	1.0606060606060606	35	33	2	7
phsant	30	0.8	1.0666666666666667	24.0	32.0	1.0666666666666667	32	30	2	1
pinox	18	1.5	1.6111111111111112	27.0	29.0	1.0555555555555556	19	18	2	6
piotrkrzyzanowski	1	3.0	12.0	3.0	12.0	2.0	2	1	2	6
pisupatimounika	5	1.8	2.2	9.0	11.0	1.0	5	5	1	7
pitoaxiu	1	1.0	7.0	1.0	7.0	1.0	1	1	1	7
piyushsinha4	5	0.4	1.0	2.0	5.0	1.0	5	5	1	1
pmanish	1	3.0	7.0	3.0	7.0	1.0	1	1	1	7
pnkvg	2	7.0	10.5	14.0	21.0	1.5	3	2	2	7
poojacs35	1	14.0	14.0	14.0	14.0	2.0	2	1	2	7
ppurena	4	1.0	1.0	4.0	4.0	1.0	4	4	1	1
pr07809	1	3.0	7.0	3.0	7.0	1.0	1	1	1	7
pradeepcs35	1	14.0	14.0	14.0	14.0	2.0	2	1	2	7
prafulasingh	1	10.0	12.0	10.0	12.0	2.0	2	1	2	6
prakhargoel	1	8.0	12.0	8.0	12.0	2.0	2	1	2	6
pranitha92	1	6.0	12.0	6.0	12.0	2.0	2	1	2	6
prasunshrivastava	24	1.2083333333333333	1.5416666666666667	29.0	37.0	1.0416666666666667	25	24	2	7
prateek2k	2	6.5	6.5	13.0	13.0	1.0	2	2	1	7
pratibha20d	1	7.0	7.0	7.0	7.0	1.0	1	1	1	7
pratushshrivastava	1	3.0	7.0	3.0	7.0	1.0	1	1	1	7
pregan	3	5.0	7.0	15.0	21.0	1.0	3	3	1	7
prince29	1	6.0	7.0	6.0	7.0	1.0	1	1	1	7
priyabisai	1	7.0	7.0	7.0	7.0	1.0	1	1	1	7
priyesh2603	1	4.0	12.0	4.0	12.0	2.0	2	1	2	6
pro2911	3	4.666666666666667	7.0	14.0	21.0	1.0	3	3	1	7
prz	11	0.8181818181818182	1.5454545454545454	9.0	17.0	1.0	11	11	1	7
pujacs35	5	4.8	9.4	24.0	47.0	1.4	7	5	2	7
pulkitsoni	2	3.0	10.5	6.0	21.0	1.5	3	2	2	7
quantumnjump	2	1.5	10.5	3.0	21.0	1.5	3	2	2	7
racingdodo	1	3.0	6.0	3.0	6.0	1.0	1	1	1	6
radha2	3	2.0	7.0	6.0	21.0	1.0	3	3	1	7
rafaili4	1	9.0	12.0	9.0	12.0	2.0	2	1	2	6
raghu1153	1	6.0	7.0	6.0	7.0	1.0	1	1	1	7
raghuv6	4	5.5	8.25	22.0	33.0	1.25	5	4	2	7
rahulchicholia	1	3.0	12.0	3.0	12.0	2.0	2	1	2	6
rahulprakassh	1	7.0	7.0	7.0	7.0	1.0	1	1	1	7
raiyanfarooq	1	4.0	14.0	4.0	14.0	2.0	2	1	2	7
rajashreeKarande	2	9.5	9.5	19.0	19.0	1.5	3	2	2	7
rajatjyoti	5	5.2	7.0	26.0	35.0	1.0	5	5	1	7
rajeshreddy12	2	6.0	10.5	12.0	21.0	1.5	3	2	2	7
rajrupborooah	2	5.5	10.5	11.0	21.0	1.5	3	2	2	7
rakshit1dwaram	1	1.0	7.0	1.0	7.0	1.0	1	1	1	7
ram312	9	0.8888888888888888	1.0	8.0	9.0	1.0	9	9	1	1
ram4aparna	1	8.0	12.0	8.0	12.0	2.0	2	1	2	6
ramkrishnabajaj	20	0.95	1.0	19.0	20.0	1.0	20	20	1	1
rathod	1	4.0	7.0	4.0	7.0	1.0	1	1	1	7
ravi8994	1	7.0	7.0	7.0	7.0	1.0	1	1	1	7
ravin121294	1	7.0	7.0	7.0	7.0	1.0	1	1	1	7
ravinaithani2007	1	6.0	7.0	6.0	7.0	2.0	2	2	2	7
rccjrccj	3	4.333333333333333	7.0	13.0	21.0	1.0	3	3	1	7
reda20005	1	9.0	14.0	9.0	14.0	2.0	2	1	2	7
rengejao	2	1.5	7.0	3.0	14.0	1.0	2	2	1	7
reshma95	1	0.0	7.0	0.0	7.0	1.0	1	1	1	7
revgan	1	2.0	7.0	2.0	7.0	1.0	1	1	1	7
rgko	1	6.0	7.0	6.0	7.0	1.0	1	1	1	7
rhammett01	1	6.0	12.0	6.0	12.0	2.0	2	1	2	6
rhsaeedy	2	5.5	9.5	11.0	19.0	1.5	3	2	2	7
rickdwatts	32	1.03125	1.375	33.0	44.0	1.0	32	32	1	7
riky2886	1	7.0	7.0	7.0	7.0	1.0	1	1	1	7
rishisai	33	1.303030303030303	1.393939393939394	43.0	46.0	1.0303030303030303	34	33	2	7
ritu92	1	13.0	14.0	13.0	14.0	2.0	2	1	2	7
rjohn8901	1	4.0	14.0	4.0	14.0	2.0	2	1	2	7
rmfnnn	2	7.5	10.5	15.0	21.0	1.5	3	2	2	7
rohit619	2	7.0	7.0	14.0	14.0	1.0	2	2	1	7
rohit83	16	0.625	1.0	10.0	16.0	1.0	16	16	1	1
rohitmall	1	11.0	12.0	11.0	12.0	2.0	2	1	2	6
rossellafa	2	6.5	7.0	13.0	14.0	1.0	2	2	1	7
royswkr	1	1.0	1.0	1.0	1.0	1.0	1	1	1	1
rs_edx	1	3.0	7.0	3.0	7.0	1.0	1	1	1	7
rtNeveau	2	1.0	4.0	2.0	8.0	1.5	3	3	2	7
rukkoteswar	11	2.0	2.5454545454545454	22.0	28.0	1.0909090909090908	12	11	2	7
rupesh01	29	1.103448275862069	1.4482758620689655	32.0	42.0	1.0344827586206897	30	29	2	7
rvsd	1	1.0	7.0	1.0	7.0	1.0	1	1	1	7
sachar	1	2.0	7.0	2.0	7.0	1.0	1	1	1	7
sacherian	1	4.0	14.0	4.0	14.0	2.0	2	1	2	7
sachooo	1	2.0	6.0	2.0	6.0	1.0	1	1	1	6
sagarmishra	1	9.0	12.0	9.0	12.0	2.0	2	1	2	6
sagarmred	29	0.5517241379310345	1.5172413793103448	16.0	44.0	1.103448275862069	32	29	2	7
sahil333	1	7.0	12.0	7.0	12.0	2.0	2	1	2	6
saipraneeth	1	8.0	14.0	8.0	14.0	2.0	2	1	2	7
saiprasad123	3	3.3333333333333335	7.0	10.0	21.0	1.0	3	3	1	7
sak1	2	7.0	7.0	14.0	14.0	1.0	2	2	1	7
saksh	3	1.3333333333333333	7.0	4.0	21.0	1.0	3	3	1	7
salman_alam	1	10.0	14.0	10.0	14.0	2.0	2	1	2	7
salnamo	1	4.0	7.0	4.0	7.0	1.0	1	1	1	7
saloni4080	1	3.0	7.0	3.0	7.0	1.0	1	1	1	7
salytos	1	13.0	14.0	13.0	14.0	2.0	2	1	2	7
samarjithbiswas	2	7.0	7.0	14.0	14.0	1.0	2	2	1	7
samiha23	1	2.0	7.0	2.0	7.0	1.0	1	1	1	7
sandeepdwivedi	31	0.2903225806451613	1.2580645161290323	9.0	39.0	1.064516129032258	33	31	2	7
sandeepsanakattula	1	6.0	7.0	6.0	7.0	1.0	1	1	1	7
sandeepunna	3	6.666666666666667	7.0	20.0	21.0	1.0	3	3	1	7
sanika95	33	1.1818181818181819	1.9696969696969697	39.0	65.0	1.121212121212121	37	33	2	7
sansz	5	8.4	9.4	42.0	47.0	1.4	7	5	2	7
sanyamgoel	32	1.40625	1.4375	45.0	46.0	1.0625	34	32	2	7
saran16	1	5.0	12.0	5.0	12.0	2.0	2	1	2	6
saratkumar	1	7.0	7.0	7.0	7.0	1.0	1	1	1	7
saravanank90	1	5.0	12.0	5.0	12.0	2.0	2	1	2	6
sartha	1	9.0	12.0	9.0	12.0	2.0	2	1	2	6
sasazlat	1	5.0	7.0	5.0	7.0	1.0	1	1	1	7
satou	1	8.0	12.0	8.0	12.0	2.0	2	1	2	6
saumitra_vikram	8	0.75	1.125	6.0	9.0	1.125	9	8	2	1
sauravkmr045	2	2.0	10.5	4.0	21.0	1.5	3	2	2	7
sauxaviers2013	2	5.0	7.0	10.0	14.0	1.0	2	2	1	7
sebastiantoro	1	5.0	12.0	5.0	12.0	2.0	2	1	2	6
segunoyebode	4	5.5	8.25	22.0	33.0	1.25	5	4	2	7
semakasa	1	7.0	7.0	7.0	7.0	1.0	1	1	1	7
sembree	1	6.0	12.0	6.0	12.0	2.0	2	1	2	6
sevans	4	6.5	8.25	26.0	33.0	1.25	5	4	2	7
shaanmukha	1	1.0	7.0	1.0	7.0	1.0	1	1	1	7
shahidkalam	3	2.0	7.0	6.0	21.0	1.0	3	3	1	7
shahurmit	2	3.0	7.0	6.0	14.0	1.0	2	2	1	7
shakeelahmad	18	0.8888888888888888	1.3888888888888888	16.0	25.0	1.0555555555555556	19	18	2	7
shakesbeer23	1	2.0	12.0	2.0	12.0	2.0	2	1	2	6
shanks27	1	7.0	7.0	7.0	7.0	1.0	1	1	1	7
shanmukhananda	2	5.0	7.0	10.0	14.0	1.0	2	2	1	7
shantanukulkarni	1	13.0	14.0	13.0	14.0	2.0	2	1	2	7
shersingh	1	10.0	12.0	10.0	12.0	2.0	2	1	2	6
shifalika24	1	1.0	7.0	1.0	7.0	1.0	1	1	1	7
shinaske08	3	4.0	7.0	12.0	21.0	1.0	3	3	1	7
shivamagrawal11dec	1	0.0	7.0	0.0	7.0	1.0	1	1	1	7
shivtej	1	0.0	7.0	0.0	7.0	1.0	1	1	1	7
shobhit-shriv	3	2.3333333333333335	7.0	7.0	21.0	1.0	3	3	1	7
shomdnichs	1	4.0	7.0	4.0	7.0	1.0	1	1	1	7
shravanreddy10	1	1.0	7.0	1.0	7.0	1.0	1	1	1	7
shreya1	17	1.7058823529411764	2.1176470588235294	29.0	36.0	1.0588235294117647	18	17	2	7
shubham05	3	4.666666666666667	7.0	14.0	21.0	1.0	3	3	1	7
shubhamnfynt	2	4.0	6.5	8.0	13.0	1.5	3	3	2	7
shubhamrock828	1	2.0	7.0	2.0	7.0	1.0	1	1	1	7
shweta152	1	2.0	7.0	2.0	7.0	1.0	1	1	1	7
shwetambari	1	7.0	7.0	7.0	7.0	1.0	1	1	1	7
shwetkamal	30	1.0333333333333334	1.0666666666666667	31.0	32.0	1.0666666666666667	32	30	2	1
shyamballava	1	3.0	6.0	3.0	6.0	2.0	2	2	2	6
skyscanner4u	1	9.0	14.0	9.0	14.0	2.0	2	1	2	7
smaddula	1	0.0	7.0	0.0	7.0	1.0	1	1	1	7
smit2busy	2	5.0	10.5	10.0	21.0	1.5	3	2	2	7
smitty1	2	4.0	10.5	8.0	21.0	1.5	3	2	2	7
snow123	1	0.0	6.0	0.0	6.0	1.0	1	1	1	6
soammohanty	1	10.0	14.0	10.0	14.0	2.0	2	1	2	7
socialmother	1	6.0	7.0	6.0	7.0	1.0	1	1	1	7
solvetheworldtoruble	1	2.0	7.0	2.0	7.0	1.0	1	1	1	7
someshsah	1	0.0	7.0	0.0	7.0	1.0	1	1	1	7
sonamsawant	3	5.666666666666667	7.0	17.0	21.0	1.0	3	3	1	7
sooz	1	5.0	7.0	5.0	7.0	1.0	1	1	1	7
soradesta	1	5.0	7.0	5.0	7.0	1.0	1	1	1	7
soumitro	1	8.0	12.0	8.0	12.0	2.0	2	1	2	6
sourabhzunke	1	5.0	7.0	5.0	7.0	1.0	1	1	1	7
spacemit	1	7.0	7.0	7.0	7.0	1.0	1	1	1	7
spandu28	1	3.0	14.0	3.0	14.0	2.0	2	1	2	7
sraman	1	10.0	14.0	10.0	14.0	2.0	2	1	2	7
sreeharsha1994	1	10.0	12.0	10.0	12.0	2.0	2	1	2	6
ssharma123	9	1.1111111111111112	1.2222222222222223	10.0	11.0	1.2222222222222223	11	9	2	1
stanarnau	2	3.0	7.0	6.0	14.0	1.0	2	2	1	7
stanleysth	1	10.0	14.0	10.0	14.0	2.0	2	1	2	7
stevanovicd	1	8.0	14.0	8.0	14.0	2.0	2	1	2	7
subinthomas	1	7.0	7.0	7.0	7.0	1.0	1	1	1	7
sudhanshupathak	1	6.0	12.0	6.0	12.0	2.0	2	1	2	6
sujayAgrawal	2	7.5	9.5	15.0	19.0	1.5	3	2	2	7
sunilkr92	16	0.6875	1.75	11.0	28.0	1.0	16	16	1	7
sunnyrahul	4	5.75	7.0	23.0	28.0	1.0	4	4	1	7
suraj_05	1	7.0	7.0	7.0	7.0	1.0	1	1	1	7
surajkumar05	1	7.0	7.0	7.0	7.0	1.0	1	1	1	7
sushantbhangale	1	2.0	7.0	2.0	7.0	1.0	1	1	1	7
swastik_bagga	1	6.0	7.0	6.0	7.0	1.0	1	1	1	7
tadam	2	3.5	7.0	7.0	14.0	1.0	2	2	1	7
taofeng	14	1.7857142857142858	2.5	25.0	35.0	1.2142857142857142	17	14	2	7
taregh	14	1.0	1.0	14.0	14.0	1.0	14	14	1	1
tazmaan	1	2.0	7.0	2.0	7.0	1.0	1	1	1	7
thatgeekwithglasses	2	5.5	6.5	11.0	13.0	1.0	2	2	1	7
thefonz604	1	13.0	14.0	13.0	14.0	2.0	2	1	2	7
theletterjay	1	8.0	12.0	8.0	12.0	2.0	2	1	2	6
thierrymanga	1	1.0	12.0	1.0	12.0	2.0	2	1	2	6
tina60	1	8.0	14.0	8.0	14.0	2.0	2	1	2	7
tlabotka	1	5.0	7.0	5.0	7.0	1.0	1	1	1	7
tmstupnicki	1	7.0	7.0	7.0	7.0	1.0	1	1	1	7
tonykroos	1	3.0	7.0	3.0	7.0	1.0	1	1	1	7
toshio_g	1	6.0	7.0	6.0	7.0	1.0	1	1	1	7
trueme	3	5.0	7.0	15.0	21.0	1.0	3	3	1	7
tsbandagar	1	4.0	7.0	4.0	7.0	1.0	1	1	1	7
tstupnicki	1	4.0	7.0	4.0	7.0	1.0	1	1	1	7
tusharky	1	7.0	7.0	7.0	7.0	1.0	1	1	1	7
urmila_deshmukh	2	4.0	8.5	8.0	17.0	1.0	2	2	1	7
user1989	2	3.5	7.0	7.0	14.0	1.0	2	2	1	7
utkarsh1	3	6.333333333333333	8.666666666666666	19.0	26.0	1.3333333333333333	4	3	2	7
utkarsh7	1	5.0	7.0	5.0	7.0	1.0	1	1	1	7
uttkrsh	1	13.0	14.0	13.0	14.0	2.0	2	1	2	7
v3suvious	1	6.0	14.0	6.0	14.0	2.0	2	1	2	7
vagabundus	1	7.0	7.0	7.0	7.0	1.0	1	1	1	7
vaibhavkhiratkar	1	3.0	7.0	3.0	7.0	1.0	1	1	1	7
vamsipreetham	32	1.03125	1.375	33.0	44.0	1.0	32	32	1	7
vanihba2000	1	6.0	7.0	6.0	7.0	1.0	1	1	1	7
varun0388	3	2.0	7.0	6.0	21.0	1.0	3	3	1	7
varunarora27	1	9.0	14.0	9.0	14.0	2.0	2	1	2	7
vasntharaghavan	2	4.5	10.5	9.0	21.0	1.5	3	2	2	7
vberenge	1	8.0	14.0	8.0	14.0	2.0	2	1	2	7
vcd24	7	2.5714285714285716	3.5714285714285716	18.0	25.0	1.0	7	7	1	7
venkataadiseshamma	15	0.2	1.4	3.0	21.0	1.0	15	15	1	7
viakondratiuk	5	5.4	8.0	27.0	40.0	1.2	6	5	2	7
vicky12345	1	5.0	14.0	5.0	14.0	2.0	2	1	2	7
vickyvicus	32	1.34375	1.375	43.0	44.0	1.0	32	32	1	7
vidhanjain	1	14.0	14.0	14.0	14.0	2.0	2	1	2	7
vijaycs59	13	0.3076923076923077	1.0	4.0	13.0	1.0	13	13	1	1
vinay_venkat	1	10.0	12.0	10.0	12.0	2.0	2	1	2	6
vinayakj	1	10.0	12.0	10.0	12.0	2.0	2	1	2	6
vinhtee	1	5.0	7.0	5.0	7.0	1.0	1	1	1	7
vinsab	31	1.032258064516129	1.1935483870967742	32.0	37.0	1.0	31	31	1	7
vishaltayal58g	1	3.0	7.0	3.0	7.0	1.0	1	1	1	7
vishrutpandey25	2	7.0	10.5	14.0	21.0	1.5	3	2	2	7
vishwajeety12	1	5.0	6.0	5.0	6.0	2.0	2	2	2	6
vkp13	4	1.25	2.5	5.0	10.0	1.0	4	4	1	7
vladdared	3	2.3333333333333335	7.0	7.0	21.0	1.0	3	3	1	7
voirin	2	7.0	7.0	14.0	14.0	1.0	2	2	1	7
voivod	1	0.0	12.0	0.0	12.0	2.0	2	1	2	6
wadhwa	19	1.0526315789473684	1.3157894736842106	20.0	25.0	1.0	19	19	1	7
waituck	1	0.0	7.0	0.0	7.0	1.0	1	1	1	7
warren7771	2	4.0	7.0	8.0	14.0	1.0	2	2	1	7
wdgong	1	1.0	7.0	1.0	7.0	1.0	1	1	1	7
wkarny	1	7.0	7.0	7.0	7.0	1.0	1	1	1	7
wmatthew78	1	4.0	7.0	4.0	7.0	1.0	1	1	1	7
wonderic	1	8.0	12.0	8.0	12.0	2.0	2	1	2	6
writefficient	1	1.0	1.0	1.0	1.0	1.0	1	1	1	1
wwayo	25	0.44	1.52	11.0	38.0	1.04	26	25	2	7
xdaimon	12	1.5	1.5	18.0	18.0	1.0	12	12	1	7
xyzabc1	1	0.0	7.0	0.0	7.0	1.0	1	1	1	7
yaninad	6	5.333333333333333	9.0	32.0	54.0	1.3333333333333333	8	6	2	7
yejide123	1	10.0	12.0	10.0	12.0	2.0	2	1	2	6
yelooc	3	4.333333333333333	7.0	13.0	21.0	1.0	3	3	1	7
ynfonet	1	2.0	7.0	2.0	7.0	1.0	1	1	1	7
yohanwai	3	0.0	9.333333333333334	0.0	28.0	1.3333333333333333	4	3	2	7
yonathanposada	3	3.3333333333333335	5.333333333333333	10.0	16.0	1.3333333333333333	4	3	2	7
ypsonar	1	4.0	12.0	4.0	12.0	2.0	2	1	2	6
zakzak200	4	4.0	7.5	16.0	30.0	1.5	6	4	2	7
zankhawaja	1	0.0	7.0	0.0	7.0	1.0	1	1	1	7
zaq123	2	1.0	1.5	2.0	3.0	1.5	3	2	2	1
zealot147	4	1.75	2.5	7.0	10.0	1.0	4	4	1	7
zidiou	1	3.0	7.0	3.0	7.0	1.0	1	1	1	7
zsZhang	1	7.0	7.0	7.0	7.0	1.0	1	1	1	7
