03c15b88893543e58d48d5b6028484f3	157	3.4522292993630574	7.0	542.0	1099.0	1.0	157	157	1	1	7
042e83a40674496aa387255382aa0cbf	164	0.5975609756097561	1.0	98.0	164.0	1.0	164	164	1	1	1
0abfbebda9cf4ffdb143be7168d07d94	184	0.7391304347826086	1.0	136.0	184.0	1.0	184	184	1	1	1
21650f8821bc46dc94c2ff65d8965649	178	0.797752808988764	1.5112359550561798	142.0	269.0	1.5280898876404494	272	181	1	2	1
24c6db5cd04a4708bdc5723ea0fb5afd	191	0.8219895287958116	1.0	157.0	191.0	1.0	191	191	1	1	1
2823ef9400c445dab21fc5f166f3970b	185	0.8	1.0	148.0	185.0	1.0	185	185	1	1	1
310056cd09fd4cbea1857b4e98409df8	178	0.6292134831460674	1.0	112.0	178.0	1.0	178	178	1	1	1
3ab6e40ffd444a1ba94f32fb6d73ab57	169	0.3609467455621302	1.0	61.0	169.0	1.0	169	169	1	1	1
47c6a3e760d44dbb890e2d3038e27b17	182	0.8626373626373627	1.0	157.0	182.0	1.0	182	182	1	1	1
49875b59ce6c409e84dee0e3a0a1a1a5	184	0.782608695652174	1.0	144.0	184.0	1.0	184	184	1	1	1
4bd41fd7850840ad9b8615fe03aebfb9	220	4.2272727272727275	7.0	930.0	1540.0	1.0	220	220	1	1	7
4c0ed1c14f0646578f72df57c7e80b69	190	0.7842105263157895	1.0	149.0	190.0	1.0	190	190	1	1	1
51a250f665104635ac94d9a24be6df59	183	0.8087431693989071	1.0	148.0	183.0	1.0	183	183	1	1	1
59b62c821a2549febac1ede0d36fec30	191	0.8167539267015707	1.0	156.0	191.0	1.0	191	191	1	1	1
5b5993352f0f492bbf25500b96badee7	178	0.42696629213483145	1.0	76.0	178.0	1.0	178	178	1	1	1
5b8715916d2f488d85cd8a75be876896	232	4.262931034482759	7.030172413793103	989.0	1631.0	1.0	232	232	1	1	7
66d111b1df9142a193e4d7b510ba4fed	336	8.651785714285714	11.800595238095237	2907.0	3965.0	1.6845238095238095	566	339	1	2	7
6b59ed82a5744ffaba99821692f1a5d9	187	0.6417112299465241	1.0	120.0	187.0	1.0	187	187	1	1	1
6c2283921cb649038c7ccebae2389488	45	0.7333333333333333	1.7333333333333334	33.0	78.0	1.7555555555555555	79	46	1	2	1
6d5fc929106548bd90c73f603d4303a1	193	0.7150259067357513	1.0	138.0	193.0	1.0	193	193	1	1	1
8244043ce7d04109a3685233a5b8aa94	334	3.877245508982036	7.0	1295.0	2338.0	1.0	334	334	1	1	7
85b1705b2ea2477a94eeecdb76c81daf	248	3.875	7.0	961.0	1736.0	1.0	248	248	1	1	7
89dc5897814f460cb6a418086236e745	187	1.085561497326203	1.4598930481283423	203.0	273.0	1.46524064171123	274	188	1	2	1
8cbcedddb1ce416e9ef5b8afacc7c2e6	182	0.7802197802197802	1.010989010989011	142.0	184.0	1.0	182	182	1	1	1
a832bec874174520b8d04db20a4ae97b	329	7.124620060790273	11.069908814589665	2344.0	3642.0	1.872340425531915	616	339	1	2	6
b05f61336cd544fdb02a81366a8ccdc7	175	0.5828571428571429	1.0	102.0	175.0	1.0	175	175	1	1	1
b723b4461d624571bdaa14e5195bd85a	182	0.8571428571428571	1.0054945054945055	156.0	183.0	1.0	182	182	1	1	1
b9be46b87ff94ef6af119eea3205d52d	184	0.6739130434782609	1.0	124.0	184.0	1.0	184	184	1	1	1
bf0c201fde0c40e380c975b6ed93a124	183	0.8087431693989071	1.0	148.0	183.0	1.0	183	183	1	1	1
c04ef75d6edb4a62ac2b9a1cbbbe2044	186	0.8279569892473119	1.0	154.0	186.0	1.0	186	186	1	1	1
ce0aa5cc5423486895d4d5c76a931c3f	170	0.5117647058823529	1.0	87.0	170.0	1.0	170	170	1	1	1
d4caf28e4c3f41fdbf6eecf60010d1a6	165	0.41818181818181815	1.0	69.0	165.0	1.0	165	165	1	1	1
d5b6af20e9e4438d8d6d206b31ff89bb	188	0.8617021276595744	1.0	162.0	188.0	1.0	188	188	1	1	1
e688f280d11b4054be707f7721284918	190	0.8263157894736842	1.0	157.0	190.0	1.0	190	190	1	1	1
f1c945a7b61143fc9253df2e6bc53b96	115	3.7130434782608694	7.0	427.0	805.0	1.0	115	115	1	1	7
f27cab67d8fe4d48b96c476b066d6b24	186	0.8763440860215054	1.0	163.0	186.0	1.0	186	186	1	1	1
f3a00827ba884923b89dbdb7f5a7d815	189	0.91005291005291	1.0	172.0	189.0	1.0	189	189	1	1	1
fb36f0c1fdb84e5ab32a5d7306ae8c5f	252	3.8492063492063493	7.0	970.0	1764.0	1.0	252	252	1	1	7
fb5281e8ec0c4df3815d4fdef3b8e349	179	0.36312849162011174	1.005586592178771	65.0	180.0	1.0	179	179	1	1	1
fddf91c70892459cb8f9e93ae4453465	188	0.8404255319148937	1.0	158.0	188.0	1.0	188	188	1	1	1
