i4x-IITBombayX-CS101_1x-video-0da35293c921479db06062db258f9b11	7037.189077793248	171.63875799495725	41
i4x-IITBombayX-CS101_1x-video-0e42365ee4d7497c89acbc7246f95a61	6336.144010412425	40.10217728109129	158
i4x-IITBombayX-CS101_1x-video-0ef1b924068e491194b9e008efa088e8	222.14135526211544	6.34689586463187	35
i4x-IITBombayX-CS101_1x-video-14183a8b0d30417f83a8ad24231d66ab	1254.5979386999998	46.46659032222221	27
i4x-IITBombayX-CS101_1x-video-19a65cff56384ccd8788b8f8fc8e3723	3469.64891021499	77.10330911588866	45
i4x-IITBombayX-CS101_1x-video-2099d86d71e7472ba51de5032c5fd8fd	4567.3001201361085	47.57604291808446	96
i4x-IITBombayX-CS101_1x-video-20b46f47de694bb68711be1806ed60f9	-3104.1903289376946	-33.741199227583635	92
i4x-IITBombayX-CS101_1x-video-22641cdf101f4191bf5b4a923a4646e5	11927.00931665972	384.74223602128126	31
i4x-IITBombayX-CS101_1x-video-261f1ca457224477984a69e5e0f9ac4c	-1071.3355922916671	-21.00658024101308	51
i4x-IITBombayX-CS101_1x-video-2c6ffa5792c84d4587fc9ecc4c372d74	11273.473137227935	289.0634137750753	39
i4x-IITBombayX-CS101_1x-video-2e83efb1ad5c4ba39a075eca242f6d52	1202.0244490514676	15.025305613143345	80
i4x-IITBombayX-CS101_1x-video-384d076067a14df9b1c3b63325fef0ba	4740.992516976703	169.32116132059653	28
i4x-IITBombayX-CS101_1x-video-38958b14718e4e03aa3282e0156cc52b	1844.5053830104553	73.78021532041821	25
i4x-IITBombayX-CS101_1x-video-40d4b25a7e564565aaa6ef88726aa6e0	24343.942798610085	256.2520294590535	95
i4x-IITBombayX-CS101_1x-video-4132ae1e4124493c8ab1edbfb6e80dfe	8497.396147681293	119.68163588283511	71
i4x-IITBombayX-CS101_1x-video-438bf18180274d23a8a82092feec01d4	2798.516215886719	73.64516357596628	38
i4x-IITBombayX-CS101_1x-video-4f62458015584c0bbf904ce09caacc5d	39950.73188777919	132.28719168138804	302
i4x-IITBombayX-CS101_1x-video-527fd874c69e487a87cd3e632b596347	3896.746341389855	57.30509325573316	68
i4x-IITBombayX-CS101_1x-video-5957b78252cc43cfaddef910cf506dd5	2856.7295566681914	30.390739964555227	94
i4x-IITBombayX-CS101_1x-video-62598bbcc58949dabcd68f79f5b3652c	15093.493372889398	132.3990646744684	114
i4x-IITBombayX-CS101_1x-video-62fdb447b6144befb5bd1f66f8da766d	1627.0425814122066	19.369554540621507	84
i4x-IITBombayX-CS101_1x-video-641407821f3a44ee9530a3ea900e2e80	26359.456880668164	45.13605630251398	584
i4x-IITBombayX-CS101_1x-video-666ac9647c7b4de4802d4310585767ec	-12090.644627238478	-120.90644627238478	100
i4x-IITBombayX-CS101_1x-video-67d60a96857549318894cc744c7bae45	1363.3145217082517	20.974069564742333	65
i4x-IITBombayX-CS101_1x-video-688429f0036648f6852fcd2197c30195	2780.635643806267	47.94199385872874	58
i4x-IITBombayX-CS101_1x-video-6eb3c310694649e8b4560ccd18c93ab1	4495.399962177599	49.94888846863999	90
i4x-IITBombayX-CS101_1x-video-7df8e247ed0a4c198f6e14e3a773c2aa	1649.7130076813655	44.58683804544231	37
i4x-IITBombayX-CS101_1x-video-7f4a5b8ee172412f8fda3d4284ff14af	7263.797812852151	165.08631392845797	44
i4x-IITBombayX-CS101_1x-video-7f7d0dc837aa4fecbc04c1a8df04ee6e	3578.293767722243	20.564906711047374	174
i4x-IITBombayX-CS101_1x-video-826444194f1542d482c0726f9d080ed3	707.3350919992956	5.163029868607997	137
i4x-IITBombayX-CS101_1x-video-86a672ad7f0a43d4919fc182d0dea88b	3833.923106746118	89.16100248246785	43
i4x-IITBombayX-CS101_1x-video-9746c3497d77460195c74a8e0588d589	4369.290072967956	114.98131770968305	38
i4x-IITBombayX-CS101_1x-video-9aa09a2f71a840b4ab4045fdc6286b55	-1608.9084565843636	-23.317513863541503	69
i4x-IITBombayX-CS101_1x-video-9baf3bd2d9fa461a9a488279457037a6	14051.006369316574	96.23976965285324	146
i4x-IITBombayX-CS101_1x-video-a3d6a7442ff949409f2d34dddea9a984	61619.35694640997	132.8003382465732	464
i4x-IITBombayX-CS101_1x-video-a41e112edb0a40009370c1a874519b24	8049.346624600512	129.8281713645244	62
i4x-IITBombayX-CS101_1x-video-a43751d47a934a9da245f28a94e1759e	121272.91924889159	299.4393067873866	405
i4x-IITBombayX-CS101_1x-video-a67819e6acf2456c9059e2e3dbb85555	176.29916574356696	3.5259833148713393	50
i4x-IITBombayX-CS101_1x-video-ac88b4fd7d1c4dc4aab8a3a912d6029d	7962.845407171824	110.59507509960866	72
i4x-IITBombayX-CS101_1x-video-adf16f0ca0524a14a9ed2ba4663289f7	2035.3370110545434	22.868955180388127	89
i4x-IITBombayX-CS101_1x-video-b526cea522c144e3a692d2817126c85b	14225.868523520698	146.65843838681133	97
i4x-IITBombayX-CS101_1x-video-bd155f3df2254815ac1f6812f9b4e4bd	64795.49620009082	198.7591907978246	326
i4x-IITBombayX-CS101_1x-video-bed060e42cb34818aff4d9105059341a	5074.9034290800155	53.42003609557911	95
i4x-IITBombayX-CS101_1x-video-bfaf4276d045462d8c0c22e8309f858f	2467.3418556806528	23.954775297870416	103
i4x-IITBombayX-CS101_1x-video-cfb296bd686b408bb997fb14696235fa	55615.45611853749	133.37039836579734	417
i4x-IITBombayX-CS101_1x-video-d5cc17817ee34678bea3f5da66d00188	8243.639140434563	132.96192161991232	62
i4x-IITBombayX-CS101_1x-video-d8201d3718a34b3da9986374150dd966	6631.543509869922	103.61786734171753	64
i4x-IITBombayX-CS101_1x-video-e03113c234f14a848f725a44f8d1265d	154606.91919781425	370.7599980762932	417
i4x-IITBombayX-CS101_1x-video-e22ca4a334f945b1904881db31172044	1407.3499989835934	20.69632351446461	68
i4x-IITBombayX-CS101_1x-video-eb58dba5325a4f2c85e228d7c4acb118	4385.180080237888	50.99046604927777	86
i4x-IITBombayX-CS101_1x-video-eccdc5020c6b49c7990bea7d8307b244	984.2735583911356	6.605862807994199	149
i4x-IITBombayX-CS101_1x-video-efb162c5e4aa40c48049eac47dd56a8b	-1367.0948209444948	-26.805780802833233	51
i4x-IITBombayX-CS101_1x-video-eff67c7602e34209b5dcc1e46f8588d0	2397.535984741809	99.89733269757538	24
i4x-IITBombayX-CS101_1x-video-f5a8749c5ff84f59ab71d2cdab36764b	13218.754799438426	231.90797893751625	57
i4x-IITBombayX-CS101_1x-video-f61de37103ab42f2b50f5f5e43489e70	31285.127080172548	110.94016695096649	282
i4x-IITBombayX-CS101_1x-video-f6b932aa49774e9cb54cfe8177fcffa8	-12741.73629183464	-131.35810610138805	97
i4x-IITBombayX-CS101_1x-video-fa1f6040f46a43298cc25fc33db89a83	-60.68882279481145	-0.2518208414722467	241
